[0, 0, 1, 0, 1.5957263708793665, 0.0714849007756141, 1.418414151930847, 0.6446867648789614, 0.9689641455754496, 0.2472013037773846, ]
[0, 0, 1, 0, 1.5957263708793665, 0.0714849007756141, 1.1462763645239693, -0.32600056032596264, 0.9689641455754496, 0.2472013037773846, ]
[0, 0, 1, 0, 1.5957263708793665, -0.0714849007756141, 1.418414151930847, -0.6446867648789614, 0.9689641455754496, -0.2472013037773846, ]
[0, 0, 1, 0, 1.5957263708793665, -0.0714849007756141, 1.1462763645239693, 0.32600056032596264, 0.9689641455754496, -0.2472013037773846, ]
[0, 0, 1, 0, 0.8790999713473828, 0.5876931027941338, 0.4630667996191684, 0.15535480929960416, 0.9917205369264099, -0.12841486143898284, ]
[0, 0, 1, 0, 0.8790999713473828, 0.5876931027941338, 1.4077537086546243, 0.3039234320555468, 0.9917205369264099, -0.12841486143898284, ]
[0, 0, 1, 0, 0.8790999713473828, -0.5876931027941338, 0.4630667996191684, -0.15535480929960416, 0.9917205369264099, 0.12841486143898284, ]
[0, 0, 1, 0, 0.8790999713473828, -0.5876931027941338, 1.4077537086546243, -0.3039234320555468, 0.9917205369264099, 0.12841486143898284, ]
[0, 0, 1, 0, 1.5819268515632428, -0.14615450533490779, 1.5307064137320685, 0.45165521919990004, 0.9420782153884507, 0.3353932558810803, ]
[0, 0, 1, 0, 1.5819268515632428, -0.14615450533490779, 0.993298653219625, -0.2624164686537276, 0.9420782153884507, 0.3353932558810803, ]
[0, 0, 1, 0, 1.5819268515632428, 0.14615450533490779, 1.5307064137320685, -0.45165521919990004, 0.9420782153884507, -0.3353932558810803, ]
[0, 0, 1, 0, 1.5819268515632428, 0.14615450533490779, 0.993298653219625, 0.2624164686537276, 0.9420782153884507, -0.3353932558810803, ]
[0, 0, 1, 0, 0.9899190536819734, 0.5999153061235669, 0.48072092531046573, 0.28255546924600333, 0.99983225448867, -0.018315645882781083, ]
[0, 0, 1, 0, 0.9899190536819734, 0.5999153061235669, 1.5090303828601774, 0.29904419099478247, 0.99983225448867, -0.018315645882781083, ]
[0, 0, 1, 0, 0.9899190536819734, -0.5999153061235669, 0.48072092531046573, -0.28255546924600333, 0.99983225448867, 0.018315645882781083, ]
[0, 0, 1, 0, 0.9899190536819734, -0.5999153061235669, 1.5090303828601774, -0.29904419099478247, 0.99983225448867, 0.018315645882781083, ]
[0, 0, 1, 0, 0.8158604827261309, 0.5710452155286361, 1.1106515645129331, 1.09363321586826, 0.579160901208751, 0.8152132546217997, ]
[0, 0, 1, 0, 0.8158604827261309, 0.5710452155286361, 0.2843698194219488, 0.2926252542821757, 0.579160901208751, 0.8152132546217997, ]
[0, 0, 1, 0, 0.8158604827261309, -0.5710452155286361, 1.1106515645129331, -1.09363321586826, 0.579160901208751, -0.8152132546217997, ]
[0, 0, 1, 0, 0.8158604827261309, -0.5710452155286361, 0.2843698194219488, -0.2926252542821757, 0.579160901208751, -0.8152132546217997, ]
[0, 0, 1, 0, 0.40000910415449686, 0.0033052840287304056, -0.04426433071646807, -0.3999578001581989, -0.1935308840460433, -0.9810941835116326, ]
[0, 0, 1, 0, 0.40000910415449686, 0.0033052840287304056, 0.2507425508249217, -0.5778310993247033, -0.1935308840460433, -0.9810941835116326, ]
[0, 0, 1, 0, 0.40000910415449686, -0.0033052840287304056, -0.04426433071646807, 0.3999578001581989, -0.1935308840460433, 0.9810941835116326, ]
[0, 0, 1, 0, 0.40000910415449686, -0.0033052840287304056, 0.2507425508249217, 0.5778310993247033, -0.1935308840460433, 0.9810941835116326, ]
[0, 0, 1, 0, 1.290939613039741, 0.5247419761790414, 0.9621562086344891, 1.0266398472521239, 0.9030386251088433, 0.4295593574368158, ]
[0, 0, 1, 0, 1.290939613039741, 0.5247419761790414, 1.2318220295140954, -0.07233851363626681, 0.9030386251088433, 0.4295593574368158, ]
[0, 0, 1, 0, 1.290939613039741, -0.5247419761790414, 0.9621562086344891, -1.0266398472521239, 0.9030386251088433, -0.4295593574368158, ]
[0, 0, 1, 0, 1.290939613039741, -0.5247419761790414, 1.2318220295140954, 0.07233851363626681, 0.9030386251088433, -0.4295593574368158, ]
[0, 0, 1, 0, 0.40444979521510094, 0.07293801190507382, 0.05883939004725791, -0.4175244717159666, 0.37704294785750214, -0.9261957759949702, ]
[0, 0, 1, 0, 0.40444979521510094, 0.07293801190507382, 0.7226533530253452, -0.43573329237392966, 0.37704294785750214, -0.9261957759949702, ]
[0, 0, 1, 0, 0.40444979521510094, -0.07293801190507382, 0.05883939004725791, 0.4175244717159666, 0.37704294785750214, 0.9261957759949702, ]
[0, 0, 1, 0, 0.40444979521510094, -0.07293801190507382, 0.7226533530253452, 0.43573329237392966, 0.37704294785750214, 0.9261957759949702, ]
[0, 0, 1, 0, 1.4777056289757977, 0.363039022757661, 1.075852301972116, 0.8085880139764404, 0.9761886552438641, 0.21692327992443852, ]
[0, 0, 1, 0, 1.4777056289757977, 0.363039022757661, 1.378041982247546, -0.22862571129434095, 0.9761886552438641, 0.21692327992443852, ]
[0, 0, 1, 0, 1.4777056289757977, -0.363039022757661, 1.075852301972116, -0.8085880139764404, 0.9761886552438641, -0.21692327992443852, ]
[0, 0, 1, 0, 1.4777056289757977, -0.363039022757661, 1.378041982247546, 0.22862571129434095, 0.9761886552438641, -0.21692327992443852, ]
[0, 0, 1, 0, 0.40336705803460504, 0.06347544849560023, 0.028198322824240535, -0.40476425520396375, -0.0605414211132448, -0.9981656858105216, ]
[0, 0, 1, 0, 0.40336705803460504, 0.06347544849560023, 0.31462731409711964, -0.5299259821109576, -0.0605414211132448, -0.9981656858105216, ]
[0, 0, 1, 0, 0.40336705803460504, -0.06347544849560023, 0.028198322824240535, 0.40476425520396375, -0.0605414211132448, 0.9981656858105216, ]
[0, 0, 1, 0, 0.40336705803460504, -0.06347544849560023, 0.31462731409711964, 0.5299259821109576, -0.0605414211132448, 0.9981656858105216, ]
[0, 0, 1, 0, 0.5500007488330916, 0.3968635457549883, 0.0031332632527152886, 0.6437156334816203, -0.5698437667958566, 0.821753053808691, ]
[0, 0, 1, 0, 0.5500007488330916, 0.3968635457549883, -0.022976281215480177, 0.574900966082059, -0.5698437667958566, 0.821753053808691, ]
[0, 0, 1, 0, 0.5500007488330916, -0.3968635457549883, 0.0031332632527152886, -0.6437156334816203, -0.5698437667958566, -0.821753053808691, ]
[0, 0, 1, 0, 0.5500007488330916, -0.3968635457549883, -0.022976281215480177, -0.574900966082059, -0.5698437667958566, -0.821753053808691, ]
[0, 0, 1, 0, 0.40055268260319465, 0.025747109852830335, -0.01934802153819909, -0.40283590271481884, -0.14646286233496314, -0.9892161694779608, ]
[0, 0, 1, 0, 0.40055268260319465, 0.025747109852830335, 0.27343784180643066, -0.5606331569103115, -0.14646286233496314, -0.9892161694779608, ]
[0, 0, 1, 0, 0.40055268260319465, -0.025747109852830335, -0.01934802153819909, 0.40283590271481884, -0.14646286233496314, 0.9892161694779608, ]
[0, 0, 1, 0, 0.40055268260319465, -0.025747109852830335, 0.27343784180643066, 0.5606331569103115, -0.14646286233496314, 0.9892161694779608, ]
[0, 0, 1, 0, 1.508016922965501, -0.3192472489790075, 1.5631659613670974, 0.27821286145798163, 0.9967778631101808, 0.08021154289440895, ]
[0, 0, 1, 0, 1.508016922965501, -0.3192472489790075, 0.9416288247085844, -0.5172485675425802, 0.9967778631101808, 0.08021154289440895, ]
[0, 0, 1, 0, 1.508016922965501, 0.3192472489790075, 1.5631659613670974, -0.27821286145798163, 0.9967778631101808, -0.08021154289440895, ]
[0, 0, 1, 0, 1.508016922965501, 0.3192472489790075, 0.9416288247085844, 0.5172485675425802, 0.9967778631101808, -0.08021154289440895, ]
[0, 0, 1, 0, 0.4367842701066247, 0.20685270508425177, 0.27340050314825265, -0.370473671148891, 0.24407423455603752, -0.9697565509064037, ]
[0, 0, 1, 0, 0.4367842701066247, 0.20685270508425177, 0.40745800151440953, -0.39243017467326075, 0.24407423455603752, -0.9697565509064037, ]
[0, 0, 1, 0, 0.4367842701066247, -0.20685270508425177, 0.27340050314825265, 0.370473671148891, 0.24407423455603752, 0.9697565509064037, ]
[0, 0, 1, 0, 0.4367842701066247, -0.20685270508425177, 0.40745800151440953, 0.39243017467326075, 0.24407423455603752, 0.9697565509064037, ]
[0, 0, 1, 0, 0.42521324279221395, 0.17210515314352917, 1.0064645160865962, 0.3209236912819593, 0.6228941357813761, 0.7823061393145094, ]
[0, 0, 1, 0, 0.42521324279221395, 0.17210515314352917, 0.04164286248699378, 0.6334876011760793, 0.6228941357813761, 0.7823061393145094, ]
[0, 0, 1, 0, 0.42521324279221395, -0.17210515314352917, 1.0064645160865962, -0.3209236912819593, 0.6228941357813761, -0.7823061393145094, ]
[0, 0, 1, 0, 0.42521324279221395, -0.17210515314352917, 0.04164286248699378, -0.6334876011760793, 0.6228941357813761, -0.7823061393145094, ]
[0, 0, 1, 0, 0.4182453666153988, 0.14683850494862793, 0.4912061556764343, -0.4487089098384661, 0.9928327791266026, -0.11951180984215239, ]
[0, 0, 1, 0, 0.4182453666153988, 0.14683850494862793, 0.9198719900655672, 0.4760356049449417, 0.9928327791266026, -0.11951180984215239, ]
[0, 0, 1, 0, 0.4182453666153988, -0.14683850494862793, 0.4912061556764343, 0.4487089098384661, 0.9928327791266026, 0.11951180984215239, ]
[0, 0, 1, 0, 0.4182453666153988, -0.14683850494862793, 0.9198719900655672, -0.4760356049449417, 0.9928327791266026, 0.11951180984215239, ]
[0, 0, 1, 0, 0.9783781507316254, 0.5996102864646466, 0.4697511997557322, 0.2813358376928889, 0.9999998444974026, 0.0005576783755700879, ]
[0, 0, 1, 0, 0.9783781507316254, 0.5996102864646466, 1.508626795473296, 0.31883212714732784, 0.9999998444974026, 0.0005576783755700879, ]
[0, 0, 1, 0, 0.9783781507316254, -0.5996102864646466, 0.4697511997557322, -0.2813358376928889, 0.9999998444974026, -0.0005576783755700879, ]
[0, 0, 1, 0, 0.9783781507316254, -0.5996102864646466, 1.508626795473296, -0.31883212714732784, 0.9999998444974026, -0.0005576783755700879, ]
[0, 0, 1, 0, 0.8027388832184711, 0.5666463198557845, 0.4862776196324515, 0.056889251587437885, 0.9433453345382737, -0.33181256727989134, ]
[0, 0, 1, 0, 0.8027388832184711, 0.5666463198557845, 1.2598065981242934, 0.17794450098845535, 0.9433453345382737, -0.33181256727989134, ]
[0, 0, 1, 0, 0.8027388832184711, -0.5666463198557845, 0.4862776196324515, -0.056889251587437885, 0.9433453345382737, 0.33181256727989134, ]
[0, 0, 1, 0, 0.8027388832184711, -0.5666463198557845, 1.2598065981242934, -0.17794450098845535, 0.9433453345382737, 0.33181256727989134, ]
[0, 0, 1, 0, 0.4176650626004229, 0.14451996638468534, 0.07830178082203908, 0.6393255473764574, -0.47017953096276277, 0.8825707952700658, ]
[0, 0, 1, 0, 0.4176650626004229, 0.14451996638468534, -0.13081624918437884, 0.3877652142782937, -0.47017953096276277, 0.8825707952700658, ]
[0, 0, 1, 0, 0.4176650626004229, -0.14451996638468534, 0.07830178082203908, -0.6393255473764574, -0.47017953096276277, -0.8825707952700658, ]
[0, 0, 1, 0, 0.4176650626004229, -0.14451996638468534, -0.13081624918437884, -0.3877652142782937, -0.47017953096276277, -0.8825707952700658, ]
[0, 0, 1, 0, 0.49114598686334576, 0.31791129787209765, 0.3091587728280724, -0.2538234779878981, 0.7699926735227319, -0.6380527272266105, ]
[0, 0, 1, 0, 0.49114598686334576, 0.31791129787209765, 0.9519798875580052, -0.06631795136661485, 0.7699926735227319, -0.6380527272266105, ]
[0, 0, 1, 0, 0.49114598686334576, -0.31791129787209765, 0.3091587728280724, 0.2538234779878981, 0.7699926735227319, 0.6380527272266105, ]
[0, 0, 1, 0, 0.49114598686334576, -0.31791129787209765, 0.9519798875580052, 0.06631795136661485, 0.7699926735227319, 0.6380527272266105, ]
[0, 0, 1, 0, 1.0973578929960575, 0.592048512092859, 0.9061061927564225, 1.1607512350997466, 0.3493980856829387, 0.9369743741005395, ]
[0, 0, 1, 0, 1.0973578929960575, 0.592048512092859, 0.5406497859225736, 0.3682716510936519, 0.3493980856829387, 0.9369743741005395, ]
[0, 0, 1, 0, 1.0973578929960575, -0.592048512092859, 0.9061061927564225, -1.1607512350997466, 0.3493980856829387, -0.9369743741005395, ]
[0, 0, 1, 0, 1.0973578929960575, -0.592048512092859, 0.5406497859225736, -0.3682716510936519, 0.3493980856829387, -0.9369743741005395, ]
[0, 0, 1, 0, 0.40107012680399323, 0.035819086998628215, -0.009726128613982976, -0.40149823090059333, -0.09353783766206283, -0.995615725531445, ]
[0, 0, 1, 0, 0.40107012680399323, 0.035819086998628215, 0.31725841775591346, -0.5582984076322234, -0.09353783766206283, -0.995615725531445, ]
[0, 0, 1, 0, 0.40107012680399323, -0.035819086998628215, -0.009726128613982976, 0.40149823090059333, -0.09353783766206283, 0.995615725531445, ]
[0, 0, 1, 0, 0.40107012680399323, -0.035819086998628215, 0.31725841775591346, 0.5582984076322234, -0.09353783766206283, 0.995615725531445, ]
[0, 0, 1, 0, 0.6147801123073277, 0.4600061283570523, 0.41788677015043707, -0.1067680875475614, 0.9991110469038542, 0.04215585314857798, ]
[0, 0, 1, 0, 0.6147801123073277, 0.4600061283570523, 1.1960043890607448, 0.6089300690531917, 0.9991110469038542, 0.04215585314857798, ]
[0, 0, 1, 0, 0.6147801123073277, -0.4600061283570523, 0.41788677015043707, 0.1067680875475614, 0.9991110469038542, -0.04215585314857798, ]
[0, 0, 1, 0, 0.6147801123073277, -0.4600061283570523, 1.1960043890607448, -0.6089300690531917, 0.9991110469038542, -0.04215585314857798, ]
[0, 0, 1, 0, 0.791675793614432, 0.5626731067270083, 0.5674475016580278, 0.00614667151811942, 0.8533333682125012, -0.5213656708061127, ]
[0, 0, 1, 0, 0.791675793614432, 0.5626731067270083, 1.0775616601689053, 0.035160764402776164, 0.8533333682125012, -0.5213656708061127, ]
[0, 0, 1, 0, 0.791675793614432, -0.5626731067270083, 0.5674475016580278, -0.00614667151811942, 0.8533333682125012, 0.5213656708061127, ]
[0, 0, 1, 0, 0.791675793614432, -0.5626731067270083, 1.0775616601689053, -0.035160764402776164, 0.8533333682125012, 0.5213656708061127, ]
[0, 0, 1, 0, 1.4509346460035735, 0.39580038533790235, 1.229461558875717, 0.9534289998099871, 0.6667097676968101, 0.7453174395233654, ]
[0, 0, 1, 0, 1.4509346460035735, 0.39580038533790235, 0.8881828548246667, 0.1876888250512806, 0.6667097676968101, 0.7453174395233654, ]
[0, 0, 1, 0, 1.4509346460035735, -0.39580038533790235, 1.229461558875717, -0.9534289998099871, 0.6667097676968101, -0.7453174395233654, ]
[0, 0, 1, 0, 1.4509346460035735, -0.39580038533790235, 0.8881828548246667, -0.1876888250512806, 0.6667097676968101, -0.7453174395233654, ]
[0, 0, 1, 0, 0.4147364364945002, 0.13216111846092943, 0.20716868225464974, -0.430791479365766, 0.7704269768612431, -0.6375282529617379, ]
[0, 0, 1, 0, 0.4147364364945002, 0.13216111846092943, 0.9779947311010935, -0.07457565513504258, 0.7704269768612431, -0.6375282529617379, ]
[0, 0, 1, 0, 0.4147364364945002, -0.13216111846092943, 0.20716868225464974, 0.430791479365766, 0.7704269768612431, 0.6375282529617379, ]
[0, 0, 1, 0, 0.4147364364945002, -0.13216111846092943, 0.9779947311010935, 0.07457565513504258, 0.7704269768612431, 0.6375282529617379, ]
[0, 0, 1, 0, 1.2273673581270856, 0.5552513705145712, 0.959160959761382, 1.0919685473178644, 0.8665065221433454, 0.4991657511118366, ]
[0, 0, 1, 0, 1.2273673581270856, 0.5552513705145712, 1.134712920509049, -0.03755142569145653, 0.8665065221433454, 0.4991657511118366, ]
[0, 0, 1, 0, 1.2273673581270856, -0.5552513705145712, 0.959160959761382, -1.0919685473178644, 0.8665065221433454, -0.4991657511118366, ]
[0, 0, 1, 0, 1.2273673581270856, -0.5552513705145712, 1.134712920509049, 0.03755142569145653, 0.8665065221433454, -0.4991657511118366, ]
[0, 0, 1, 0, 0.4020712157555466, 0.049811333770035875, 0.05174995113223757, -0.4372974954998979, 0.4306617519670914, -0.9025134100901966, ]
[0, 0, 1, 0, 0.4020712157555466, 0.049811333770035875, 0.7809830165904005, -0.4154045808202628, 0.4306617519670914, -0.9025134100901966, ]
[0, 0, 1, 0, 0.4020712157555466, -0.049811333770035875, 0.05174995113223757, 0.4372974954998979, 0.4306617519670914, 0.9025134100901966, ]
[0, 0, 1, 0, 0.4020712157555466, -0.049811333770035875, 0.7809830165904005, 0.4154045808202628, 0.4306617519670914, 0.9025134100901966, ]
[0, 0, 1, 0, 0.43897838907419795, 0.21273164333078878, -0.057889107161637754, 0.5490688122317768, -0.6044195735615456, 0.7966661654015936, ]
[0, 0, 1, 0, 0.43897838907419795, 0.21273164333078878, -0.10755207732571004, 0.46032899650060566, -0.6044195735615456, 0.7966661654015936, ]
[0, 0, 1, 0, 0.43897838907419795, -0.21273164333078878, -0.057889107161637754, -0.5490688122317768, -0.6044195735615456, -0.7966661654015936, ]
[0, 0, 1, 0, 0.43897838907419795, -0.21273164333078878, -0.10755207732571004, -0.46032899650060566, -0.6044195735615456, -0.7966661654015936, ]
[0, 0, 1, 0, 0.4620009216195967, 0.2656256607744002, 0.2719113606272152, -0.3034665626847889, 0.7698180781197415, -0.6382633677409567, ]
[0, 0, 1, 0, 0.4620009216195967, 0.2656256607744002, 0.9599076391121228, -0.06917114428176761, 0.7698180781197415, -0.6382633677409567, ]
[0, 0, 1, 0, 0.4620009216195967, -0.2656256607744002, 0.2719113606272152, 0.3034665626847889, 0.7698180781197415, 0.6382633677409567, ]
[0, 0, 1, 0, 0.4620009216195967, -0.2656256607744002, 0.9599076391121228, 0.06917114428176761, 0.7698180781197415, 0.6382633677409567, ]
[0, 0, 1, 0, 0.4859692710234862, 0.3094711774428659, 0.8344055437118327, -0.1789877910233219, 0.909213380200689, 0.4163304327863113, ]
[0, 0, 1, 0, 0.4859692710234862, 0.3094711774428659, 0.5607771075123424, 0.9047894012524991, 0.909213380200689, 0.4163304327863113, ]
[0, 0, 1, 0, 0.4859692710234862, -0.3094711774428659, 0.8344055437118327, 0.1789877910233219, 0.909213380200689, -0.4163304327863113, ]
[0, 0, 1, 0, 0.4859692710234862, -0.3094711774428659, 0.5607771075123424, -0.9047894012524991, 0.909213380200689, -0.4163304327863113, ]
[0, 0, 1, 0, 0.5469069963246711, 0.3933277641108854, 0.3794351454944986, -0.18282601673196958, 0.7692588075033202, -0.6389373107579255, ]
[0, 0, 1, 0, 0.5469069963246711, 0.3933277641108854, 0.9367306583334927, -0.0627835299150706, 0.7692588075033202, -0.6389373107579255, ]
[0, 0, 1, 0, 0.5469069963246711, -0.3933277641108854, 0.3794351454944986, 0.18282601673196958, 0.7692588075033202, 0.6389373107579255, ]
[0, 0, 1, 0, 0.5469069963246711, -0.3933277641108854, 0.9367306583334927, 0.0627835299150706, 0.7692588075033202, 0.6389373107579255, ]
[0, 0, 1, 0, 0.972461021621624, 0.5993676706912672, 0.8747701895381927, 1.1913613373185772, 0.3277945277926907, 0.944749039453953, ]
[0, 0, 1, 0, 0.972461021621624, 0.5993676706912672, 0.42548535987612196, 0.35275537282664293, 0.3277945277926907, 0.944749039453953, ]
[0, 0, 1, 0, 0.972461021621624, -0.5993676706912672, 0.8747701895381927, -1.1913613373185772, 0.3277945277926907, -0.944749039453953, ]
[0, 0, 1, 0, 0.972461021621624, -0.5993676706912672, 0.42548535987612196, -0.35275537282664293, 0.3277945277926907, -0.944749039453953, ]
[0, 0, 1, 0, 0.41470764745096056, 0.13203356409493347, 0.1098948448168641, -0.3847731264096954, 0.2535678416235527, -0.9673176053884127, ]
[0, 0, 1, 0, 0.41470764745096056, 0.13203356409493347, 0.5583806442576492, -0.4505109148837838, 0.2535678416235527, -0.9673176053884127, ]
[0, 0, 1, 0, 0.41470764745096056, -0.13203356409493347, 0.1098948448168641, 0.3847731264096954, 0.2535678416235527, 0.9673176053884127, ]
[0, 0, 1, 0, 0.41470764745096056, -0.13203356409493347, 0.5583806442576492, 0.4505109148837838, 0.2535678416235527, 0.9673176053884127, ]
[0, 0, 1, 0, 0.9785843953302263, 0.5996176880951961, 1.0324787495111192, 1.1971922847669625, 0.5581695824267556, 0.8297268931724109, ]
[0, 0, 1, 0, 0.9785843953302263, 0.5996176880951961, 0.5042752282458629, 0.23215229650064434, 0.5581695824267556, 0.8297268931724109, ]
[0, 0, 1, 0, 0.9785843953302263, -0.5996176880951961, 1.0324787495111192, -1.1971922847669625, 0.5581695824267556, -0.8297268931724109, ]
[0, 0, 1, 0, 0.9785843953302263, -0.5996176880951961, 0.5042752282458629, -0.23215229650064434, 0.5581695824267556, -0.8297268931724109, ]
[0, 0, 1, 0, 0.4002314419309495, 0.016663635610874496, -0.03155581841070626, -0.3999414073334556, -0.13779744911163339, -0.9904604298094533, ]
[0, 0, 1, 0, 0.4002314419309495, 0.016663635610874496, 0.2939898112300224, -0.5738553868651232, -0.13779744911163339, -0.9904604298094533, ]
[0, 0, 1, 0, 0.4002314419309495, -0.016663635610874496, -0.03155581841070626, 0.3999414073334556, -0.13779744911163339, 0.9904604298094533, ]
[0, 0, 1, 0, 0.4002314419309495, -0.016663635610874496, 0.2939898112300224, 0.5738553868651232, -0.13779744911163339, 0.9904604298094533, ]
[0, 0, 1, 0, 1.3996443133308487, 0.4475314769067249, 0.8967218121692522, 0.7747454097173003, 0.9834738680305527, 0.18105013366750916, ]
[0, 0, 1, 0, 1.3996443133308487, 0.4475314769067249, 1.4863963691921493, -0.14616379914306626, 0.9834738680305527, 0.18105013366750916, ]
[0, 0, 1, 0, 1.3996443133308487, -0.4475314769067249, 0.8967218121692522, -0.7747454097173003, 0.9834738680305527, -0.18105013366750916, ]
[0, 0, 1, 0, 1.3996443133308487, -0.4475314769067249, 1.4863963691921493, 0.14616379914306626, 0.9834738680305527, -0.18105013366750916, ]
[0, 0, 1, 0, 0.5292106178227896, 0.3719641886381006, 0.3572532319670058, -0.202866792998802, 0.7688439029554139, -0.6394365120074752, ]
[0, 0, 1, 0, 0.5292106178227896, 0.3719641886381006, 0.9408012888111976, -0.06460553037057265, 0.7688439029554139, -0.6394365120074752, ]
[0, 0, 1, 0, 0.5292106178227896, -0.3719641886381006, 0.3572532319670058, 0.202866792998802, 0.7688439029554139, 0.6394365120074752, ]
[0, 0, 1, 0, 0.5292106178227896, -0.3719641886381006, 0.9408012888111976, 0.06460553037057265, 0.7688439029554139, 0.6394365120074752, ]
[0, 0, 1, 0, 0.6468422979368831, 0.4850563240217559, 0.22689891059831113, 0.9135975139097363, -0.3729315774567076, 0.9278588462345184, ]
[0, 0, 1, 0, 0.6468422979368831, 0.4850563240217559, 0.047011809881864264, 0.499317656346538, -0.3729315774567076, 0.9278588462345184, ]
[0, 0, 1, 0, 0.6468422979368831, -0.4850563240217559, 0.22689891059831113, -0.9135975139097363, -0.3729315774567076, -0.9278588462345184, ]
[0, 0, 1, 0, 0.6468422979368831, -0.4850563240217559, 0.047011809881864264, -0.499317656346538, -0.3729315774567076, -0.9278588462345184, ]
[0, 0, 1, 0, 0.4644137193922394, 0.27045764183092535, 0.2792514644731176, -0.30025676954596126, 0.7956604070928965, -0.6057429459636869, ]
[0, 0, 1, 0, 0.4644137193922394, 0.27045764183092535, 0.9808226620120184, -0.03502853458680036, 0.7956604070928965, -0.6057429459636869, ]
[0, 0, 1, 0, 0.4644137193922394, -0.27045764183092535, 0.2792514644731176, 0.30025676954596126, 0.7956604070928965, 0.6057429459636869, ]
[0, 0, 1, 0, 0.4644137193922394, -0.27045764183092535, 0.9808226620120184, 0.03502853458680036, 0.7956604070928965, 0.6057429459636869, ]
[0, 0, 1, 0, 0.5020289216124824, 0.33470106825281076, 1.0233971458259983, 0.6316441179785874, 0.4767700453065053, 0.8790280563772882, ]
[0, 0, 1, 0, 0.5020289216124824, 0.33470106825281076, -0.04459817890701068, 0.5820850066515115, 0.4767700453065053, 0.8790280563772882, ]
[0, 0, 1, 0, 0.5020289216124824, -0.33470106825281076, 1.0233971458259983, -0.6316441179785874, 0.4767700453065053, -0.8790280563772882, ]
[0, 0, 1, 0, 0.5020289216124824, -0.33470106825281076, -0.04459817890701068, -0.5820850066515115, 0.4767700453065053, -0.8790280563772882, ]
[0, 0, 1, 0, 0.402347562786158, 0.05302418591882962, 0.022675775598417602, -0.4115716965571854, 0.24040553125032854, -0.9706725403266785, ]
[0, 0, 1, 0, 0.402347562786158, 0.05302418591882962, 0.6200773184380689, -0.5060766578506635, 0.24040553125032854, -0.9706725403266785, ]
[0, 0, 1, 0, 0.402347562786158, -0.05302418591882962, 0.022675775598417602, 0.4115716965571854, 0.24040553125032854, 0.9706725403266785, ]
[0, 0, 1, 0, 0.402347562786158, -0.05302418591882962, 0.6200773184380689, 0.5060766578506635, 0.24040553125032854, 0.9706725403266785, ]
[0, 0, 1, 0, 1.5445069424258233, 0.2520162487818618, 1.0904323920316592, 0.6442104642980238, 0.9986850028370233, 0.051266608122779986, ]
[0, 0, 1, 0, 1.5445069424258233, 0.2520162487818618, 1.4527595532311877, -0.3409276073933819, 0.9986850028370233, 0.051266608122779986, ]
[0, 0, 1, 0, 1.5445069424258233, -0.2520162487818618, 1.0904323920316592, -0.6442104642980238, 0.9986850028370233, -0.051266608122779986, ]
[0, 0, 1, 0, 1.5445069424258233, -0.2520162487818618, 1.4527595532311877, 0.3409276073933819, 0.9986850028370233, -0.051266608122779986, ]
[0, 0, 1, 0, 0.4000037720441588, 0.002127542893176687, -0.04432380057703256, -0.40107588989052356, -0.00789276490918114, -0.9999688516459342, ]
[0, 0, 1, 0, 0.4000037720441588, 0.002127542893176687, 0.43643480771201026, -0.5967654188622339, -0.00789276490918114, -0.9999688516459342, ]
[0, 0, 1, 0, 0.4000037720441588, -0.002127542893176687, -0.04432380057703256, 0.40107588989052356, -0.00789276490918114, 0.9999688516459342, ]
[0, 0, 1, 0, 0.4000037720441588, -0.002127542893176687, 0.43643480771201026, 0.5967654188622339, -0.00789276490918114, 0.9999688516459342, ]
[0, 0, 1, 0, 0.8843233908619891, 0.5887435113004065, 0.32420786783660493, 0.37363748891609394, 0.9241491433988108, 0.3820318844746394, ]
[0, 0, 1, 0, 0.8843233908619891, 0.5887435113004065, 1.484264666424195, 0.5971379068589519, 0.9241491433988108, 0.3820318844746394, ]
[0, 0, 1, 0, 0.8843233908619891, -0.5887435113004065, 0.32420786783660493, -0.37363748891609394, 0.9241491433988108, -0.3820318844746394, ]
[0, 0, 1, 0, 0.8843233908619891, -0.5887435113004065, 1.484264666424195, -0.5971379068589519, 0.9241491433988108, -0.3820318844746394, ]
[0, 0, 1, 0, 0.741725055461498, 0.5415662960558326, 0.572706211189914, -0.034135562792215676, 0.8112725798377409, -0.5846681120117774, ]
[0, 0, 1, 0, 0.741725055461498, 0.5415662960558326, 0.9802914241093249, -0.008966253163729192, 0.8112725798377409, -0.5846681120117774, ]
[0, 0, 1, 0, 0.741725055461498, -0.5415662960558326, 0.572706211189914, 0.034135562792215676, 0.8112725798377409, 0.5846681120117774, ]
[0, 0, 1, 0, 0.741725055461498, -0.5415662960558326, 0.9802914241093249, 0.008966253163729192, 0.8112725798377409, 0.5846681120117774, ]
[0, 0, 1, 0, 0.7131508733910663, 0.5269891636112567, 0.5759171510488572, -0.05710578196874183, 0.8913703657654959, 0.45327571194041066, ]
[0, 0, 1, 0, 0.7131508733910663, 0.5269891636112567, 1.028604088107705, 1.0373706575204094, 0.8913703657654959, 0.45327571194041066, ]
[0, 0, 1, 0, 0.7131508733910663, -0.5269891636112567, 0.5759171510488572, 0.05710578196874183, 0.8913703657654959, -0.45327571194041066, ]
[0, 0, 1, 0, 0.7131508733910663, -0.5269891636112567, 1.028604088107705, -1.0373706575204094, 0.8913703657654959, -0.45327571194041066, ]
[0, 0, 1, 0, 0.7206094095007969, 0.5309810711696854, 0.5007799274013796, -0.0272975320383382, 0.8625573456641681, -0.5059593120407855, ]
[0, 0, 1, 0, 0.7206094095007969, 0.5309810711696854, 1.0823868277635855, 0.05231929116723812, 0.8625573456641681, -0.5059593120407855, ]
[0, 0, 1, 0, 0.7206094095007969, -0.5309810711696854, 0.5007799274013796, 0.0272975320383382, 0.8625573456641681, 0.5059593120407855, ]
[0, 0, 1, 0, 0.7206094095007969, -0.5309810711696854, 1.0823868277635855, -0.05231929116723812, 0.8625573456641681, 0.5059593120407855, ]
[0, 0, 1, 0, 0.4461200813981554, 0.23068817865164662, 0.2248313398617208, 0.7883899742998417, -0.35722765037567444, 0.9340173477013556, ]
[0, 0, 1, 0, 0.4461200813981554, 0.23068817865164662, -0.13593890883923979, 0.37631555205316053, -0.35722765037567444, 0.9340173477013556, ]
[0, 0, 1, 0, 0.4461200813981554, -0.23068817865164662, 0.2248313398617208, -0.7883899742998417, -0.35722765037567444, -0.9340173477013556, ]
[0, 0, 1, 0, 0.4461200813981554, -0.23068817865164662, -0.13593890883923979, -0.37631555205316053, -0.35722765037567444, -0.9340173477013556, ]
[0, 0, 1, 0, 0.4106887415434237, 0.11274857274629423, 0.5878822450974872, -0.4604900008844726, 0.9997085266031189, -0.024142531702807543, ]
[0, 0, 1, 0, 0.4106887415434237, 0.11274857274629423, 0.8225150230490554, 0.5490960419279594, 0.9997085266031189, -0.024142531702807543, ]
[0, 0, 1, 0, 0.4106887415434237, -0.11274857274629423, 0.5878822450974872, 0.4604900008844726, 0.9997085266031189, 0.024142531702807543, ]
[0, 0, 1, 0, 0.4106887415434237, -0.11274857274629423, 0.8225150230490554, -0.5490960419279594, 0.9997085266031189, 0.024142531702807543, ]
[0, 0, 1, 0, 0.6912575905540086, 0.5144687790425029, 0.6793940044808316, 1.11435148034792, 0.09121637949339444, 0.9958310961765138, ]
[0, 0, 1, 0, 0.6912575905540086, 0.5144687790425029, 0.1030799655665714, 0.3959483948710966, 0.09121637949339444, 0.9958310961765138, ]
[0, 0, 1, 0, 0.6912575905540086, -0.5144687790425029, 0.6793940044808316, -1.11435148034792, 0.09121637949339444, -0.9958310961765138, ]
[0, 0, 1, 0, 0.6912575905540086, -0.5144687790425029, 0.1030799655665714, -0.3959483948710966, 0.09121637949339444, -0.9958310961765138, ]
[0, 0, 1, 0, 0.4248996860819889, 0.17105446188686527, 0.17425133360848474, -0.3740835054226206, 0.24222044251321542, -0.9702212413819346, ]
[0, 0, 1, 0, 0.4248996860819889, 0.17105446188686527, 0.49286879498671954, -0.42508327407244884, 0.24222044251321542, -0.9702212413819346, ]
[0, 0, 1, 0, 0.4248996860819889, -0.17105446188686527, 0.17425133360848474, 0.3740835054226206, 0.24222044251321542, 0.9702212413819346, ]
[0, 0, 1, 0, 0.4248996860819889, -0.17105446188686527, 0.49286879498671954, 0.42508327407244884, 0.24222044251321542, 0.9702212413819346, ]
[0, 0, 1, 0, 1.5843371613301522, 0.1361986853410109, 1.2062405591956031, 0.6020773814136134, 0.9992425226014526, 0.03891504882542735, ]
[0, 0, 1, 0, 1.5843371613301522, 0.1361986853410109, 1.3773391247360018, -0.4269636472471752, 0.9992425226014526, 0.03891504882542735, ]
[0, 0, 1, 0, 1.5843371613301522, -0.1361986853410109, 1.2062405591956031, -0.6020773814136134, 0.9992425226014526, -0.03891504882542735, ]
[0, 0, 1, 0, 1.5843371613301522, -0.1361986853410109, 1.3773391247360018, 0.4269636472471752, 0.9992425226014526, -0.03891504882542735, ]
[0, 0, 1, 0, 0.4047780983377596, 0.07557041604745952, 0.03685120974076833, -0.39838085217253066, 0.07651758851592935, -0.997068231691145, ]
[0, 0, 1, 0, 0.4047780983377596, 0.07557041604745952, 0.4444444771129206, -0.5231169634711548, 0.07651758851592935, -0.997068231691145, ]
[0, 0, 1, 0, 0.4047780983377596, -0.07557041604745952, 0.03685120974076833, 0.39838085217253066, 0.07651758851592935, 0.997068231691145, ]
[0, 0, 1, 0, 0.4047780983377596, -0.07557041604745952, 0.4444444771129206, 0.5231169634711548, 0.07651758851592935, 0.997068231691145, ]
[0, 0, 1, 0, 0.6758761070060142, 0.5049195005052025, 0.5164571551292054, -0.07351424486456715, 0.9339433258274861, 0.3574211299605751, ]
[0, 0, 1, 0, 0.6758761070060142, 0.5049195005052025, 1.0933622777042948, 0.9358548753303448, 0.9339433258274861, 0.3574211299605751, ]
[0, 0, 1, 0, 0.6758761070060142, -0.5049195005052025, 0.5164571551292054, 0.07351424486456715, 0.9339433258274861, -0.3574211299605751, ]
[0, 0, 1, 0, 0.6758761070060142, -0.5049195005052025, 1.0933622777042948, -0.9358548753303448, 0.9339433258274861, -0.3574211299605751, ]
[0, 0, 1, 0, 0.4007341358990969, 0.029671941685673244, -0.01758115620633166, -0.40045863894159384, 0.006390506852274317, -0.9999795805026076, ]
[0, 0, 1, 0, 0.4007341358990969, 0.029671941685673244, 0.4247057989577029, -0.5698489998753407, 0.006390506852274317, -0.9999795805026076, ]
[0, 0, 1, 0, 0.4007341358990969, -0.029671941685673244, -0.01758115620633166, 0.40045863894159384, 0.006390506852274317, 0.9999795805026076, ]
[0, 0, 1, 0, 0.4007341358990969, -0.029671941685673244, 0.4247057989577029, 0.5698489998753407, 0.006390506852274317, 0.9999795805026076, ]
[0, 0, 1, 0, 0.4152512897560795, 0.13442077915289558, 0.49478080067373326, 0.7291266366095032, -0.041020370622780834, 0.9991583103762735, ]
[0, 0, 1, 0, 0.4152512897560795, 0.13442077915289558, -0.12054988154043461, 0.4044524529196659, -0.041020370622780834, 0.9991583103762735, ]
[0, 0, 1, 0, 0.4152512897560795, -0.13442077915289558, 0.49478080067373326, -0.7291266366095032, -0.041020370622780834, -0.9991583103762735, ]
[0, 0, 1, 0, 0.4152512897560795, -0.13442077915289558, -0.12054988154043461, -0.4044524529196659, -0.041020370622780834, -0.9991583103762735, ]
[0, 0, 1, 0, 0.40551844208161214, 0.08118914517918313, 0.05131376211185856, -0.40310316808577523, 0.26032875309533343, -0.9655200362042359, ]
[0, 0, 1, 0, 0.40551844208161214, 0.08118914517918313, 0.614533433065087, -0.48122772293927757, 0.26032875309533343, -0.9655200362042359, ]
[0, 0, 1, 0, 0.40551844208161214, -0.08118914517918313, 0.05131376211185856, 0.40310316808577523, 0.26032875309533343, 0.9655200362042359, ]
[0, 0, 1, 0, 0.40551844208161214, -0.08118914517918313, 0.614533433065087, 0.48122772293927757, 0.26032875309533343, 0.9655200362042359, ]
[0, 0, 1, 0, 1.232856436354476, 0.5529718618956065, 0.9395439422031138, 1.0763911782899358, 0.3566243240176777, 0.9342478747735712, ]
[0, 0, 1, 0, 1.232856436354476, 0.5529718618956065, 0.6499368181690399, 0.41082855837924187, 0.3566243240176777, 0.9342478747735712, ]
[0, 0, 1, 0, 1.232856436354476, -0.5529718618956065, 0.9395439422031138, -1.0763911782899358, 0.3566243240176777, -0.9342478747735712, ]
[0, 0, 1, 0, 1.232856436354476, -0.5529718618956065, 0.6499368181690399, -0.41082855837924187, 0.3566243240176777, -0.9342478747735712, ]
[0, 0, 1, 0, 0.4125284506445921, 0.12197204064028963, 0.24965295508748375, -0.45549793515674386, 0.8442306441890688, -0.5359800550506613, ]
[0, 0, 1, 0, 0.4125284506445921, 0.12197204064028963, 1.0071061397461771, 0.04148992074637217, 0.8442306441890688, -0.5359800550506613, ]
[0, 0, 1, 0, 0.4125284506445921, -0.12197204064028963, 0.24965295508748375, 0.45549793515674386, 0.8442306441890688, 0.5359800550506613, ]
[0, 0, 1, 0, 0.4125284506445921, -0.12197204064028963, 1.0071061397461771, -0.04148992074637217, 0.8442306441890688, 0.5359800550506613, ]
[0, 0, 1, 0, 0.5046098932689095, 0.3385094417486146, 1.1045014122765777, 0.3271004355398188, 0.6707620060092866, 0.741672657777269, ]
[0, 0, 1, 0, 0.5046098932689095, 0.3385094417486146, 0.07087048700161824, 0.7530816639860647, 0.6707620060092866, 0.741672657777269, ]
[0, 0, 1, 0, 0.5046098932689095, -0.3385094417486146, 1.1045014122765777, -0.3271004355398188, 0.6707620060092866, -0.741672657777269, ]
[0, 0, 1, 0, 0.5046098932689095, -0.3385094417486146, 0.07087048700161824, -0.7530816639860647, 0.6707620060092866, -0.741672657777269, ]
[0, 0, 1, 0, 0.4040551812808967, 0.06964031190233903, 0.031951321762906326, -0.40103868458233066, 0.16173174936724777, -0.9868347588358497, ]
[0, 0, 1, 0, 0.4040551812808967, 0.06964031190233903, 0.5338356088852381, -0.5161557623511799, 0.16173174936724777, -0.9868347588358497, ]
[0, 0, 1, 0, 0.4040551812808967, -0.06964031190233903, 0.031951321762906326, 0.40103868458233066, 0.16173174936724777, 0.9868347588358497, ]
[0, 0, 1, 0, 0.4040551812808967, -0.06964031190233903, 0.5338356088852381, 0.5161557623511799, 0.16173174936724777, 0.9868347588358497, ]
[0, 0, 1, 0, 0.4265304449575066, 0.17644452227078236, 0.7388307548666924, 0.688761334829795, 0.21266848347166253, 0.9771244118012113, ]
[0, 0, 1, 0, 0.4265304449575066, 0.17644452227078236, -0.09963182643752322, 0.46480759924219867, 0.21266848347166253, 0.9771244118012113, ]
[0, 0, 1, 0, 0.4265304449575066, -0.17644452227078236, 0.7388307548666924, -0.688761334829795, 0.21266848347166253, -0.9771244118012113, ]
[0, 0, 1, 0, 0.4265304449575066, -0.17644452227078236, -0.09963182643752322, -0.46480759924219867, 0.21266848347166253, -0.9771244118012113, ]
[0, 0, 1, 0, 0.400012057054557, 0.00380372450315105, -0.04476923450322806, -0.3988991469544394, -0.046997446722889406, -0.9988950094987606, ]
[0, 0, 1, 0, 0.400012057054557, 0.00380372450315105, 0.39778384483489565, -0.5961921380411703, -0.046997446722889406, -0.9988950094987606, ]
[0, 0, 1, 0, 0.400012057054557, -0.00380372450315105, -0.04476923450322806, 0.3988991469544394, -0.046997446722889406, 0.9988950094987606, ]
[0, 0, 1, 0, 0.400012057054557, -0.00380372450315105, 0.39778384483489565, 0.5961921380411703, -0.046997446722889406, 0.9988950094987606, ]
[0, 0, 1, 0, 0.6627441345924148, 0.496244376540612, 1.22323909806313, 0.7103597564738653, 0.627165180158284, 0.778886279759136, ]
[0, 0, 1, 0, 0.6627441345924148, 0.496244376540612, 0.06667021668756867, 0.5647708998258827, 0.627165180158284, 0.778886279759136, ]
[0, 0, 1, 0, 0.6627441345924148, -0.496244376540612, 1.22323909806313, -0.7103597564738653, 0.627165180158284, -0.778886279759136, ]
[0, 0, 1, 0, 0.6627441345924148, -0.496244376540612, 0.06667021668756867, -0.5647708998258827, 0.627165180158284, -0.778886279759136, ]
[0, 0, 1, 0, 0.6580291272767889, 0.49300702044588096, 0.40093879936088733, -0.04912263497991676, 0.9736820142800802, -0.22791080506962746, ]
[0, 0, 1, 0, 0.6580291272767889, 0.49300702044588096, 1.2307723421959818, 0.31421885035617036, 0.9736820142800802, -0.22791080506962746, ]
[0, 0, 1, 0, 0.6580291272767889, -0.49300702044588096, 0.40093879936088733, 0.04912263497991676, 0.9736820142800802, 0.22791080506962746, ]
[0, 0, 1, 0, 0.6580291272767889, -0.49300702044588096, 1.2307723421959818, -0.31421885035617036, 0.9736820142800802, 0.22791080506962746, ]
[0, 0, 1, 0, 1.1962321059988177, 0.5670034925600271, 0.8759056192442531, 1.0743406012791488, 0.2873260218139383, 0.9578328440748815, ]
[0, 0, 1, 0, 1.1962321059988177, 0.5670034925600271, 0.6076525085685027, 0.45049573535575976, 0.2873260218139383, 0.9578328440748815, ]
[0, 0, 1, 0, 1.1962321059988177, -0.5670034925600271, 0.8759056192442531, -1.0743406012791488, 0.2873260218139383, -0.9578328440748815, ]
[0, 0, 1, 0, 1.1962321059988177, -0.5670034925600271, 0.6076525085685027, -0.45049573535575976, 0.2873260218139383, -0.9578328440748815, ]
[0, 0, 1, 0, 0.40777695262611624, 0.09629050918543659, 0.13229619914649604, -0.43672952276674126, 0.6226397905614549, -0.782508588585191, ]
[0, 0, 1, 0, 0.40777695262611624, 0.09629050918543659, 0.8981205440410752, -0.24948855663301317, 0.6226397905614549, -0.782508588585191, ]
[0, 0, 1, 0, 0.40777695262611624, -0.09629050918543659, 0.13229619914649604, 0.43672952276674126, 0.6226397905614549, 0.782508588585191, ]
[0, 0, 1, 0, 0.40777695262611624, -0.09629050918543659, 0.8981205440410752, 0.24948855663301317, 0.6226397905614549, 0.782508588585191, ]
[0, 0, 1, 0, 0.4057363222069382, 0.08276884230109811, 0.39814827125492075, 0.6827208582846679, -0.11518728463367266, 0.9933437921780763, ]
[0, 0, 1, 0, 0.4057363222069382, 0.08276884230109811, -0.1075992336816552, 0.3933917761945066, -0.11518728463367266, 0.9933437921780763, ]
[0, 0, 1, 0, 0.4057363222069382, -0.08276884230109811, 0.39814827125492075, -0.6827208582846679, -0.11518728463367266, -0.9933437921780763, ]
[0, 0, 1, 0, 0.4057363222069382, -0.08276884230109811, -0.1075992336816552, -0.3933917761945066, -0.11518728463367266, -0.9933437921780763, ]
[0, 0, 1, 0, 0.40260426626898527, 0.05584207481802984, 0.012439172181375469, -0.3999771869026731, 0.05367876305919357, -0.9985582558851711, ]
[0, 0, 1, 0, 0.40260426626898527, 0.05584207481802984, 0.44384385714680336, -0.5427389941644684, 0.05367876305919357, -0.9985582558851711, ]
[0, 0, 1, 0, 0.40260426626898527, -0.05584207481802984, 0.012439172181375469, 0.3999771869026731, 0.05367876305919357, 0.9985582558851711, ]
[0, 0, 1, 0, 0.40260426626898527, -0.05584207481802984, 0.44384385714680336, 0.5427389941644684, 0.05367876305919357, 0.9985582558851711, ]
[0, 0, 1, 0, 1.264970736213149, 0.5383219380172628, 0.8528230940766572, 0.9743658819969152, 0.2528623530736972, 0.9675022637689448, ]
[0, 0, 1, 0, 1.264970736213149, 0.5383219380172628, 0.6650099952101891, 0.5314583197892924, 0.2528623530736972, 0.9675022637689448, ]
[0, 0, 1, 0, 1.264970736213149, -0.5383219380172628, 0.8528230940766572, -0.9743658819969152, 0.2528623530736972, -0.9675022637689448, ]
[0, 0, 1, 0, 1.264970736213149, -0.5383219380172628, 0.6650099952101891, -0.5314583197892924, 0.2528623530736972, -0.9675022637689448, ]
[0, 0, 1, 0, 0.40792249899721633, 0.09718144270537786, 0.0826567222566788, -0.40700322037093467, 0.39836500981847606, -0.9172269724295756, ]
[0, 0, 1, 0, 0.40792249899721633, 0.09718144270537786, 0.7236307865590137, -0.4130423093532631, 0.39836500981847606, -0.9172269724295756, ]
[0, 0, 1, 0, 0.40792249899721633, -0.09718144270537786, 0.0826567222566788, 0.40700322037093467, 0.39836500981847606, 0.9172269724295756, ]
[0, 0, 1, 0, 0.40792249899721633, -0.09718144270537786, 0.7236307865590137, 0.4130423093532631, 0.39836500981847606, 0.9172269724295756, ]
[0, 0, 1, 0, 1.283770326922062, 0.5286533850818947, 0.9784038544823854, 1.0451331208990402, 0.8923542776204415, 0.4513356214753053, ]
[0, 0, 1, 0, 1.283770326922062, 0.5286533850818947, 1.197720750060118, -0.06514411434184009, 0.8923542776204415, 0.4513356214753053, ]
[0, 0, 1, 0, 1.283770326922062, -0.5286533850818947, 0.9784038544823854, -1.0451331208990402, 0.8923542776204415, -0.4513356214753053, ]
[0, 0, 1, 0, 1.283770326922062, -0.5286533850818947, 1.197720750060118, 0.06514411434184009, 0.8923542776204415, -0.4513356214753053, ]
[0, 0, 1, 0, 0.7828393625194842, 0.5593221411039043, 0.417625108682801, 0.08327744909010329, 0.997485428080227, -0.07087186160675012, ]
[0, 0, 1, 0, 0.7828393625194842, 0.5593221411039043, 1.3626996819169102, 0.405172830407051, 0.997485428080227, -0.07087186160675012, ]
[0, 0, 1, 0, 0.7828393625194842, -0.5593221411039043, 0.417625108682801, -0.08327744909010329, 0.997485428080227, 0.07087186160675012, ]
[0, 0, 1, 0, 0.7828393625194842, -0.5593221411039043, 1.3626996819169102, -0.405172830407051, 0.997485428080227, 0.07087186160675012, ]
[0, 0, 1, 0, 1.5357372287451438, -0.27015851224137566, 1.5628207947439545, 0.3292299097795941, 0.9870379008739422, 0.16048732734506432, ]
[0, 0, 1, 0, 1.5357372287451438, -0.27015851224137566, 0.9599543348751314, -0.43890109467590543, 0.9870379008739422, 0.16048732734506432, ]
[0, 0, 1, 0, 1.5357372287451438, 0.27015851224137566, 1.5628207947439545, -0.3292299097795941, 0.9870379008739422, -0.16048732734506432, ]
[0, 0, 1, 0, 1.5357372287451438, 0.27015851224137566, 0.9599543348751314, 0.43890109467590543, 0.9870379008739422, -0.16048732734506432, ]
[0, 0, 1, 0, 0.4155141801362323, 0.1355593094485925, 0.11677030881193973, -0.3847791374743447, 0.3652427661057106, -0.9309123061854158, ]
[0, 0, 1, 0, 0.4155141801362323, 0.1355593094485925, 0.6639866374300032, -0.4105738592624784, 0.3652427661057106, -0.9309123061854158, ]
[0, 0, 1, 0, 0.4155141801362323, -0.1355593094485925, 0.11677030881193973, 0.3847791374743447, 0.3652427661057106, 0.9309123061854158, ]
[0, 0, 1, 0, 0.4155141801362323, -0.1355593094485925, 0.6639866374300032, 0.4105738592624784, 0.3652427661057106, 0.9309123061854158, ]
[0, 0, 1, 0, 1.3602174320587708, 0.4798368489820106, 1.197213513189105, 1.057270587546992, 0.7789365850262526, 0.6271027001278495, ]
[0, 0, 1, 0, 1.3602174320587708, 0.4798368489820106, 0.9419405038959185, 0.04966896156286804, 0.7789365850262526, 0.6271027001278495, ]
[0, 0, 1, 0, 1.3602174320587708, -0.4798368489820106, 1.197213513189105, -1.057270587546992, 0.7789365850262526, -0.6271027001278495, ]
[0, 0, 1, 0, 1.3602174320587708, -0.4798368489820106, 0.9419405038959185, -0.04966896156286804, 0.7789365850262526, -0.6271027001278495, ]
[0, 0, 1, 0, 0.4013607159300291, 0.04038573471156247, -0.0038105981757685647, -0.4021481128366008, -0.08969948653878282, -0.9959688760772992, ]
[0, 0, 1, 0, 0.4013607159300291, 0.04038573471156247, 0.3154718275670148, -0.553435028529136, -0.08969948653878282, -0.9959688760772992, ]
[0, 0, 1, 0, 0.4013607159300291, -0.04038573471156247, -0.0038105981757685647, 0.4021481128366008, -0.08969948653878282, 0.9959688760772992, ]
[0, 0, 1, 0, 0.4013607159300291, -0.04038573471156247, 0.3154718275670148, 0.553435028529136, -0.08969948653878282, 0.9959688760772992, ]
[0, 0, 1, 0, 1.081316899910525, 0.5944640962992985, 0.9016383630252095, 1.1669286134379178, 0.8198879792953182, 0.572523974525993, ]
[0, 0, 1, 0, 1.081316899910525, 0.5944640962992985, 0.9995665161806336, 5.945738737389572e-05, 0.8198879792953182, 0.572523974525993, ]
[0, 0, 1, 0, 1.081316899910525, -0.5944640962992985, 0.9016383630252095, -1.1669286134379178, 0.8198879792953182, -0.572523974525993, ]
[0, 0, 1, 0, 1.081316899910525, -0.5944640962992985, 0.9995665161806336, -5.945738737389572e-05, 0.8198879792953182, -0.572523974525993, ]
[0, 0, 1, 0, 0.4233582755143378, 0.1657839605697778, 0.15955916766436978, -0.37311308961472717, 0.509695492576489, -0.8603548714613117, ]
[0, 0, 1, 0, 0.4233582755143378, 0.1657839605697778, 0.7734946004264571, -0.32145782127680683, 0.509695492576489, -0.8603548714613117, ]
[0, 0, 1, 0, 0.4233582755143378, -0.1657839605697778, 0.15955916766436978, 0.37311308961472717, 0.509695492576489, 0.8603548714613117, ]
[0, 0, 1, 0, 0.4233582755143378, -0.1657839605697778, 0.7734946004264571, 0.32145782127680683, 0.509695492576489, 0.8603548714613117, ]
[0, 0, 1, 0, 0.48844597183303096, 0.31354820405505085, 0.7890321507472715, -0.20572816652783654, 0.9255911064126574, 0.3785249050324071, ]
[0, 0, 1, 0, 0.48844597183303096, 0.31354820405505085, 0.6250049274984169, 0.8978012756152944, 0.9255911064126574, 0.3785249050324071, ]
[0, 0, 1, 0, 0.48844597183303096, -0.31354820405505085, 0.7890321507472715, 0.20572816652783654, 0.9255911064126574, -0.3785249050324071, ]
[0, 0, 1, 0, 0.48844597183303096, -0.31354820405505085, 0.6250049274984169, -0.8978012756152944, 0.9255911064126574, -0.3785249050324071, ]
[0, 0, 1, 0, 0.41563085126680754, 0.13606137588913306, 0.11525669177555103, -0.38333766560971416, 0.25959118717961377, -0.9657186005968191, ]
[0, 0, 1, 0, 0.41563085126680754, 0.13606137588913306, 0.5599653466708703, -0.44631955909797194, 0.25959118717961377, -0.9657186005968191, ]
[0, 0, 1, 0, 0.41563085126680754, -0.13606137588913306, 0.11525669177555103, 0.38333766560971416, 0.25959118717961377, 0.9657186005968191, ]
[0, 0, 1, 0, 0.41563085126680754, -0.13606137588913306, 0.5599653466708703, 0.44631955909797194, 0.25959118717961377, 0.9657186005968191, ]
[0, 0, 1, 0, 0.7645965217701474, 0.5518923830216244, 0.3997139911679511, 0.07559338148861972, 0.9466082339336982, 0.32238618371283345, ]
[0, 0, 1, 0, 0.7645965217701474, 0.5518923830216244, 1.3114907645358946, 0.7986851852458381, 0.9466082339336982, 0.32238618371283345, ]
[0, 0, 1, 0, 0.7645965217701474, -0.5518923830216244, 0.3997139911679511, -0.07559338148861972, 0.9466082339336982, -0.32238618371283345, ]
[0, 0, 1, 0, 0.7645965217701474, -0.5518923830216244, 1.3114907645358946, -0.7986851852458381, 0.9466082339336982, -0.32238618371283345, ]
[0, 0, 1, 0, 0.5636406617712348, 0.4118137053821231, 0.3685261755432274, -0.15557534744140528, 0.9241843876810153, -0.381946616121503, ]
[0, 0, 1, 0, 0.5636406617712348, 0.4118137053821231, 1.1192988739090228, 0.18544243670202537, 0.9241843876810153, -0.381946616121503, ]
[0, 0, 1, 0, 0.5636406617712348, -0.4118137053821231, 0.3685261755432274, 0.15557534744140528, 0.9241843876810153, 0.381946616121503, ]
[0, 0, 1, 0, 0.5636406617712348, -0.4118137053821231, 1.1192988739090228, -0.18544243670202537, 0.9241843876810153, 0.381946616121503, ]
[0, 0, 1, 0, 0.42291322819859645, 0.16422806645587334, 1.0166692491739937, 0.07789274601595225, 0.7779303598652529, 0.6283505034611798, ]
[0, 0, 1, 0, 0.42291322819859645, 0.16422806645587334, 0.1841743388898559, 0.7146858239011009, 0.7779303598652529, 0.6283505034611798, ]
[0, 0, 1, 0, 0.42291322819859645, -0.16422806645587334, 1.0166692491739937, -0.07789274601595225, 0.7779303598652529, -0.6283505034611798, ]
[0, 0, 1, 0, 0.42291322819859645, -0.16422806645587334, 0.1841743388898559, -0.7146858239011009, 0.7779303598652529, -0.6283505034611798, ]
[0, 0, 1, 0, 0.47501930716518836, 0.2905086438484768, 0.3858962832540287, -0.30283534289861314, 0.43402228370364704, -0.9009021352226172, ]
[0, 0, 1, 0, 0.47501930716518836, 0.2905086438484768, 0.5231453076148067, -0.3075581484755272, 0.43402228370364704, -0.9009021352226172, ]
[0, 0, 1, 0, 0.47501930716518836, -0.2905086438484768, 0.3858962832540287, 0.30283534289861314, 0.43402228370364704, 0.9009021352226172, ]
[0, 0, 1, 0, 0.47501930716518836, -0.2905086438484768, 0.5231453076148067, 0.3075581484755272, 0.43402228370364704, 0.9009021352226172, ]
[0, 0, 1, 0, 0.8862217201590368, 0.5891133193507267, 1.036397280629123, 1.170015463465805, 0.7776799930340972, 0.6286603442515573, ]
[0, 0, 1, 0, 0.8862217201590368, 0.5891133193507267, 0.6275044325640109, 0.0477582001364788, 0.7776799930340972, 0.6286603442515573, ]
[0, 0, 1, 0, 0.8862217201590368, -0.5891133193507267, 1.036397280629123, -1.170015463465805, 0.7776799930340972, -0.6286603442515573, ]
[0, 0, 1, 0, 0.8862217201590368, -0.5891133193507267, 0.6275044325640109, -0.0477582001364788, 0.7776799930340972, -0.6286603442515573, ]
[0, 0, 1, 0, 0.420954260606493, 0.15718152464659052, 0.14255577590581028, -0.3743203885356329, 0.3177965007793257, -0.948158944530091, ]
[0, 0, 1, 0, 0.420954260606493, 0.15718152464659052, 0.5961949854800084, -0.4166570313478676, 0.3177965007793257, -0.948158944530091, ]
[0, 0, 1, 0, 0.420954260606493, -0.15718152464659052, 0.14255577590581028, 0.3743203885356329, 0.3177965007793257, 0.948158944530091, ]
[0, 0, 1, 0, 0.420954260606493, -0.15718152464659052, 0.5961949854800084, 0.4166570313478676, 0.3177965007793257, 0.948158944530091, ]
[0, 0, 1, 0, 1.18019957054952, 0.5723007205777121, 0.5837382400708704, 0.5072324391831715, 0.9973619793049684, 0.07258844423787952, ]
[0, 0, 1, 0, 1.18019957054952, 0.5723007205777121, 1.593823309783618, 0.13765672563242018, 0.9973619793049684, 0.07258844423787952, ]
[0, 0, 1, 0, 1.18019957054952, -0.5723007205777121, 0.5837382400708704, -0.5072324391831715, 0.9973619793049684, -0.07258844423787952, ]
[0, 0, 1, 0, 1.18019957054952, -0.5723007205777121, 1.593823309783618, -0.13765672563242018, 0.9973619793049684, -0.07258844423787952, ]
[0, 0, 1, 0, 0.430416888801738, 0.1886135717219423, 0.406928388846638, -0.4109264939699673, 0.975596392039212, -0.2195715824966251, ]
[0, 0, 1, 0, 0.430416888801738, 0.1886135717219423, 0.999084891994312, 0.3799684831952844, 0.975596392039212, -0.2195715824966251, ]
[0, 0, 1, 0, 0.430416888801738, -0.1886135717219423, 0.406928388846638, 0.4109264939699673, 0.975596392039212, 0.2195715824966251, ]
[0, 0, 1, 0, 0.430416888801738, -0.1886135717219423, 0.999084891994312, -0.3799684831952844, 0.975596392039212, 0.2195715824966251, ]
[0, 0, 1, 0, 0.9645705638290655, 0.5989530491220574, 0.44132355311050986, 0.30533328518560904, 0.996894550133949, 0.0787480533932839, ]
[0, 0, 1, 0, 0.9645705638290655, 0.5989530491220574, 1.5201415608525046, 0.3723678173297323, 0.996894550133949, 0.0787480533932839, ]
[0, 0, 1, 0, 0.9645705638290655, -0.5989530491220574, 0.44132355311050986, -0.30533328518560904, 0.996894550133949, -0.0787480533932839, ]
[0, 0, 1, 0, 0.9645705638290655, -0.5989530491220574, 1.5201415608525046, -0.3723678173297323, 0.996894550133949, -0.0787480533932839, ]
[0, 0, 1, 0, 0.40529936836188374, 0.07956857878098283, 0.04189762051801124, -0.39786117486243905, 0.11818682709902081, -0.9929913765487927, ]
[0, 0, 1, 0, 0.40529936836188374, 0.07956857878098283, 0.4815885749428933, -0.5155616229053709, 0.11818682709902081, -0.9929913765487927, ]
[0, 0, 1, 0, 0.40529936836188374, -0.07956857878098283, 0.04189762051801124, 0.39786117486243905, 0.11818682709902081, 0.9929913765487927, ]
[0, 0, 1, 0, 0.40529936836188374, -0.07956857878098283, 0.4815885749428933, 0.5155616229053709, 0.11818682709902081, 0.9929913765487927, ]
[0, 0, 1, 0, 1.5872949043970768, 0.12281976742051126, 1.3012766824638355, 0.6502603581244761, 0.9905748424986738, 0.1369725571372882, ]
[0, 0, 1, 0, 1.5872949043970768, 0.12281976742051126, 1.2765930644319148, -0.39046803356667664, 0.9905748424986738, 0.1369725571372882, ]
[0, 0, 1, 0, 1.5872949043970768, -0.12281976742051126, 1.3012766824638355, -0.6502603581244761, 0.9905748424986738, -0.1369725571372882, ]
[0, 0, 1, 0, 1.5872949043970768, -0.12281976742051126, 1.2765930644319148, 0.39046803356667664, 0.9905748424986738, -0.1369725571372882, ]
[0, 0, 1, 0, 0.4075865253065637, 0.09511190778051574, 0.11245495062131489, -0.42728387476735796, 0.5563857380476264, -0.8309241304097493, ]
[0, 0, 1, 0, 0.4075865253065637, 0.09511190778051574, 0.8515173127328752, -0.30852834786187555, 0.5563857380476264, -0.8309241304097493, ]
[0, 0, 1, 0, 0.4075865253065637, -0.09511190778051574, 0.11245495062131489, 0.42728387476735796, 0.5563857380476264, 0.8309241304097493, ]
[0, 0, 1, 0, 0.4075865253065637, -0.09511190778051574, 0.8515173127328752, 0.30852834786187555, 0.5563857380476264, 0.8309241304097493, ]
[0, 0, 1, 0, 0.686309132764841, 0.5114665578640052, 0.8697482779310726, -0.059804026028323576, 0.8419524153270803, 0.5395517865088537, ]
[0, 0, 1, 0, 0.686309132764841, 0.5114665578640052, 0.6585132701608487, 1.1108223704011824, 0.8419524153270803, 0.5395517865088537, ]
[0, 0, 1, 0, 0.686309132764841, -0.5114665578640052, 0.8697482779310726, 0.059804026028323576, 0.8419524153270803, -0.5395517865088537, ]
[0, 0, 1, 0, 0.686309132764841, -0.5114665578640052, 0.6585132701608487, -1.1108223704011824, 0.8419524153270803, -0.5395517865088537, ]
[0, 0, 1, 0, 0.40020742523378394, 0.015775527100958184, -0.03293499705253214, -0.39942038089422255, -0.034074399942818835, -0.9994192990274586, ]
[0, 0, 1, 0, 0.40020742523378394, 0.015775527100958184, 0.39906802234349725, -0.5842233910322777, -0.034074399942818835, -0.9994192990274586, ]
[0, 0, 1, 0, 0.40020742523378394, -0.015775527100958184, -0.03293499705253214, 0.39942038089422255, -0.034074399942818835, 0.9994192990274586, ]
[0, 0, 1, 0, 0.40020742523378394, -0.015775527100958184, 0.39906802234349725, 0.5842233910322777, -0.034074399942818835, 0.9994192990274586, ]
[0, 0, 1, 0, 1.3744456479431257, 0.4688181488983257, 0.8521551310570157, 0.7641359708644914, 0.9838897541112653, 0.17877626172082756, ]
[0, 0, 1, 0, 1.3744456479431257, 0.4688181488983257, 1.5061802709973753, -0.11654156024533813, 0.9838897541112653, 0.17877626172082756, ]
[0, 0, 1, 0, 1.3744456479431257, -0.4688181488983257, 0.8521551310570157, -0.7641359708644914, 0.9838897541112653, -0.17877626172082756, ]
[0, 0, 1, 0, 1.3744456479431257, -0.4688181488983257, 1.5061802709973753, 0.11654156024533813, 0.9838897541112653, -0.17877626172082756, ]
[0, 0, 1, 0, 0.4072713405533598, 0.09312752692189738, 0.0709298269539197, -0.4037370282937445, 0.0039970640196306815, -0.9999920117077051, ]
[0, 0, 1, 0, 0.4072713405533598, 0.09312752692189738, 0.34033857761907077, -0.5031274564920631, 0.0039970640196306815, -0.9999920117077051, ]
[0, 0, 1, 0, 0.4072713405533598, -0.09312752692189738, 0.0709298269539197, 0.4037370282937445, 0.0039970640196306815, 0.9999920117077051, ]
[0, 0, 1, 0, 0.4072713405533598, -0.09312752692189738, 0.34033857761907077, 0.5031274564920631, 0.0039970640196306815, 0.9999920117077051, ]
[0, 0, 1, 0, 0.4302163552695327, 0.18800690997318326, 1.0296345816950536, 0.16159119819244577, 0.731234068671919, 0.6821266281369694, ]
[0, 0, 1, 0, 0.4302163552695327, 0.18800690997318326, 0.13181584224639797, 0.7085423399177069, 0.731234068671919, 0.6821266281369694, ]
[0, 0, 1, 0, 0.4302163552695327, -0.18800690997318326, 1.0296345816950536, -0.16159119819244577, 0.731234068671919, -0.6821266281369694, ]
[0, 0, 1, 0, 0.4302163552695327, -0.18800690997318326, 0.13181584224639797, -0.7085423399177069, 0.731234068671919, -0.6821266281369694, ]
[0, 0, 1, 0, 0.402299084455221, 0.052474904067877005, 0.010009244568045611, -0.4015170358620014, -0.045064759194438905, -0.9989840676801344, ]
[0, 0, 1, 0, 0.402299084455221, 0.052474904067877005, 0.3472250806927365, -0.544992127750256, -0.045064759194438905, -0.9989840676801344, ]
[0, 0, 1, 0, 0.402299084455221, -0.052474904067877005, 0.010009244568045611, 0.4015170358620014, -0.045064759194438905, 0.9989840676801344, ]
