0, 0, 1, 0, 1.1558672792703923, 0.5794008899310092, 1.0640214461908402, 1.1723295053190026, 1.0640214461908402, 1.1723295053190026
0, 0, 1, 0, 1.1558672792703923, 0.5794008899310092, 0.6768378212226671, 0.21811045506938348, 0.6768378212226671, 0.21811045506938348
0, 0, 1, 0, 1.1558672792703923, -0.5794008899310092, 1.0640214461908402, -1.1723295053190026, 1.0640214461908402, -1.1723295053190026
0, 0, 1, 0, 1.1558672792703923, -0.5794008899310092, 0.6768378212226671, -0.21811045506938348, 0.6768378212226671, -0.21811045506938348
0, 0, 1, 0, 0.40189436294139136, 0.04764081148255014, 0.37905970813102596, -0.5519245131816531, 0.37905970813102596, -0.5519245131816531
0, 0, 1, 0, 0.40189436294139136, 0.04764081148255014, 0.9632411436799267, 0.25951292327285336, 0.9632411436799267, 0.25951292327285336
0, 0, 1, 0, 0.40189436294139136, -0.04764081148255014, 0.37905970813102596, 0.5519245131816531, 0.37905970813102596, 0.5519245131816531
0, 0, 1, 0, 0.40189436294139136, -0.04764081148255014, 0.9632411436799267, -0.25951292327285336, 0.9632411436799267, -0.25951292327285336
0, 0, 1, 0, 0.44084137666692824, 0.2175813272141337, 0.09314906752220412, 0.70657013911233, 0.09314906752220412, 0.70657013911233
0, 0, 1, 0, 0.44084137666692824, 0.2175813272141337, -0.13476302837522394, 0.38693175944290026, -0.13476302837522394, 0.38693175944290026
0, 0, 1, 0, 0.44084137666692824, -0.2175813272141337, 0.09314906752220412, -0.70657013911233, 0.09314906752220412, -0.70657013911233
0, 0, 1, 0, 0.44084137666692824, -0.2175813272141337, -0.13476302837522394, -0.38693175944290026, -0.13476302837522394, -0.38693175944290026
0, 0, 1, 0, 0.4018802269452342, 0.04746300749968785, 0.010123680488231146, -0.40698919934728295, 0.010123680488231146, -0.40698919934728295
0, 0, 1, 0, 0.4018802269452342, 0.04746300749968785, 0.5603308483434264, -0.5312367424385048, 0.5603308483434264, -0.5312367424385048
0, 0, 1, 0, 0.4018802269452342, -0.04746300749968785, 0.010123680488231146, 0.40698919934728295, 0.010123680488231146, 0.40698919934728295
0, 0, 1, 0, 0.4018802269452342, -0.04746300749968785, 0.5603308483434264, 0.5312367424385048, 0.5603308483434264, 0.5312367424385048
0, 0, 1, 0, 0.492922591761516, 0.32073743475644034, 0.5126860820179433, -0.2789369806165053, 0.5126860820179433, -0.2789369806165053
0, 0, 1, 0, 0.492922591761516, 0.32073743475644034, 0.9774211291938957, 0.674659978861623, 0.9774211291938957, 0.674659978861623
0, 0, 1, 0, 0.492922591761516, -0.32073743475644034, 0.5126860820179433, 0.2789369806165053, 0.5126860820179433, 0.2789369806165053
0, 0, 1, 0, 0.492922591761516, -0.32073743475644034, 0.9774211291938957, -0.674659978861623, 0.9774211291938957, -0.674659978861623
0, 0, 1, 0, 0.4075507104312579, 0.094888562479852, 0.08969212280162298, -0.413998378077767, 0.08969212280162298, -0.413998378077767
0, 0, 1, 0, 0.4075507104312579, 0.094888562479852, 0.7708152611966094, -0.3826455893430803, 0.7708152611966094, -0.3826455893430803
0, 0, 1, 0, 0.4075507104312579, -0.094888562479852, 0.08969212280162298, 0.413998378077767, 0.08969212280162298, 0.413998378077767
0, 0, 1, 0, 0.4075507104312579, -0.094888562479852, 0.7708152611966094, 0.3826455893430803, 0.7708152611966094, 0.3826455893430803
0, 0, 1, 0, 0.8359884889908973, 0.5771483555001357, 0.3562089503230117, 0.9374421165835478, 0.3562089503230117, 0.9374421165835478
0, 0, 1, 0, 0.8359884889908973, 0.5771483555001357, 0.23687521965763844, 0.6097564911232289, 0.23687521965763844, 0.6097564911232289
0, 0, 1, 0, 0.8359884889908973, -0.5771483555001357, 0.3562089503230117, -0.9374421165835478, 0.3562089503230117, -0.9374421165835478
0, 0, 1, 0, 0.8359884889908973, -0.5771483555001357, 0.23687521965763844, -0.6097564911232289, 0.23687521965763844, -0.6097564911232289
0, 0, 1, 0, 0.5669700978965191, 0.41531325994272045, 0.3726083311912968, -0.15233408096818768, 0.3726083311912968, -0.15233408096818768
0, 0, 1, 0, 0.5669700978965191, 0.41531325994272045, 1.1493855730857099, 0.27111820364691996, 1.1493855730857099, 0.27111820364691996
0, 0, 1, 0, 0.5669700978965191, -0.41531325994272045, 0.3726083311912968, 0.15233408096818768, 0.3726083311912968, 0.15233408096818768
0, 0, 1, 0, 0.5669700978965191, -0.41531325994272045, 1.1493855730857099, -0.27111820364691996, 1.1493855730857099, -0.27111820364691996
0, 0, 1, 0, 0.4952866959731418, 0.32444488089395424, 0.9613276633570429, 0.7023414497059476, 0.9613276633570429, 0.7023414497059476
0, 0, 1, 0, 0.4952866959731418, 0.32444488089395424, -0.06530822169023609, 0.538298424914133, -0.06530822169023609, 0.538298424914133
0, 0, 1, 0, 0.4952866959731418, -0.32444488089395424, 0.9613276633570429, -0.7023414497059476, 0.9613276633570429, -0.7023414497059476
0, 0, 1, 0, 0.4952866959731418, -0.32444488089395424, -0.06530822169023609, -0.538298424914133, -0.06530822169023609, -0.538298424914133
0, 0, 1, 0, 0.4043971982616428, 0.07250725868090155, 0.03382218137067547, -0.3993763677104569, 0.03382218137067547, -0.3993763677104569
0, 0, 1, 0, 0.4043971982616428, 0.07250725868090155, 0.5037749805406124, -0.5192055571253082, 0.5037749805406124, -0.5192055571253082
0, 0, 1, 0, 0.4043971982616428, -0.07250725868090155, 0.03382218137067547, 0.3993763677104569, 0.03382218137067547, 0.3993763677104569
0, 0, 1, 0, 0.4043971982616428, -0.07250725868090155, 0.5037749805406124, 0.5192055571253082, 0.5037749805406124, 0.5192055571253082
0, 0, 1, 0, 1.3242815313573146, 0.5048182726690417, 1.1729661833826117, 1.0854245639433393, 1.1729661833826117, 1.0854245639433393
0, 0, 1, 0, 1.3242815313573146, 0.5048182726690417, 0.8592881910306953, 0.12563336599171515, 0.8592881910306953, 0.12563336599171515
0, 0, 1, 0, 1.3242815313573146, -0.5048182726690417, 1.1729661833826117, -1.0854245639433393, 1.1729661833826117, -1.0854245639433393
0, 0, 1, 0, 1.3242815313573146, -0.5048182726690417, 0.8592881910306953, -0.12563336599171515, 0.8592881910306953, -0.12563336599171515
0, 0, 1, 0, 0.41586276752594187, 0.13705361592292334, 0.130052240635405, -0.39049954985144086, 0.130052240635405, -0.39049954985144086
0, 0, 1, 0, 0.41586276752594187, 0.13705361592292334, 0.7693116401733897, -0.3477905801073563, 0.7693116401733897, -0.3477905801073563
0, 0, 1, 0, 0.41586276752594187, -0.13705361592292334, 0.130052240635405, 0.39049954985144086, 0.130052240635405, 0.39049954985144086
0, 0, 1, 0, 0.41586276752594187, -0.13705361592292334, 0.7693116401733897, 0.3477905801073563, 0.7693116401733897, 0.3477905801073563
0, 0, 1, 0, 1.5999565534813354, -0.007220383286055379, 1.3616748769019296, 0.5434354462540553, 1.3616748769019296, 0.5434354462540553
0, 0, 1, 0, 1.5999565534813354, -0.007220383286055379, 1.2360767612546186, -0.4842858890701577, 1.2360767612546186, -0.4842858890701577
0, 0, 1, 0, 1.5999565534813354, 0.007220383286055379, 1.3616748769019296, -0.5434354462540553, 1.3616748769019296, -0.5434354462540553
0, 0, 1, 0, 1.5999565534813354, 0.007220383286055379, 1.2360767612546186, 0.4842858890701577, 1.2360767612546186, 0.4842858890701577
0, 0, 1, 0, 0.4043129042510276, 0.0718114472640299, 0.6151249614722276, -0.4899342928445761, 0.6151249614722276, -0.4899342928445761
0, 0, 1, 0, 0.4043129042510276, 0.0718114472640299, 0.7887591505284723, 0.5324643358072175, 0.7887591505284723, 0.5324643358072175
0, 0, 1, 0, 0.4043129042510276, -0.0718114472640299, 0.6151249614722276, 0.4899342928445761, 0.6151249614722276, 0.4899342928445761
0, 0, 1, 0, 0.4043129042510276, -0.0718114472640299, 0.7887591505284723, -0.5324643358072175, 0.7887591505284723, -0.5324643358072175
0, 0, 1, 0, 1.3804047852609356, 0.4639959044545345, 1.2094019547101265, 1.0391115727714488, 1.2094019547101265, 1.0391115727714488
0, 0, 1, 0, 1.3804047852609356, 0.4639959044545345, 0.8860865287094136, 0.123923175115848, 0.8860865287094136, 0.123923175115848
0, 0, 1, 0, 1.3804047852609356, -0.4639959044545345, 1.2094019547101265, -1.0391115727714488, 1.2094019547101265, -1.0391115727714488
0, 0, 1, 0, 1.3804047852609356, -0.4639959044545345, 0.8860865287094136, -0.123923175115848, 0.8860865287094136, -0.123923175115848
0, 0, 1, 0, 0.497388397977497, 0.3276912838516962, 0.32212972154221997, -0.2461417897282037, 0.32212972154221997, -0.2461417897282037
0, 0, 1, 0, 0.497388397977497, 0.3276912838516962, 1.0399895095473952, 0.07159748517021539, 1.0399895095473952, 0.07159748517021539
0, 0, 1, 0, 0.497388397977497, -0.3276912838516962, 0.32212972154221997, 0.2461417897282037, 0.32212972154221997, 0.2461417897282037
0, 0, 1, 0, 0.497388397977497, -0.3276912838516962, 1.0399895095473952, -0.07159748517021539, 1.0399895095473952, -0.07159748517021539
0, 0, 1, 0, 1.1615507818593656, 0.5778419722386283, 0.564365643563685, 0.5197910411628126, 0.564365643563685, 0.5197910411628126
0, 0, 1, 0, 1.1615507818593656, 0.5778419722386283, 1.5919906381152553, 0.15984492661939312, 1.5919906381152553, 0.15984492661939312
0, 0, 1, 0, 1.1615507818593656, -0.5778419722386283, 0.564365643563685, -0.5197910411628126, 0.564365643563685, -0.5197910411628126
0, 0, 1, 0, 1.1615507818593656, -0.5778419722386283, 1.5919906381152553, -0.15984492661939312, 1.5919906381152553, -0.15984492661939312
0, 0, 1, 0, 0.6713865560198098, 0.5020091676807091, 0.6189682317065679, -0.09569671256156499, 0.6189682317065679, -0.09569671256156499
0, 0, 1, 0, 0.6713865560198098, 0.5020091676807091, 0.7802702996056741, -0.08802839924425175, 0.7802702996056741, -0.08802839924425175
0, 0, 1, 0, 0.6713865560198098, -0.5020091676807091, 0.6189682317065679, 0.09569671256156499, 0.6189682317065679, 0.09569671256156499
0, 0, 1, 0, 0.6713865560198098, -0.5020091676807091, 0.7802702996056741, 0.08802839924425175, 0.7802702996056741, 0.08802839924425175
0, 0, 1, 0, 0.8388800920323289, 0.5779622611005749, 1.1776074117869404, 1.0732034173586724, 1.1776074117869404, 1.0732034173586724
0, 0, 1, 0, 0.8388800920323289, 0.5779622611005749, 0.3507484180260069, 0.22906762251782775, 0.3507484180260069, 0.22906762251782775
0, 0, 1, 0, 0.8388800920323289, -0.5779622611005749, 1.1776074117869404, -1.0732034173586724, 1.1776074117869404, -1.0732034173586724
0, 0, 1, 0, 0.8388800920323289, -0.5779622611005749, 0.3507484180260069, -0.22906762251782775, 0.3507484180260069, -0.22906762251782775
0, 0, 1, 0, 0.40406277148215064, 0.06970523413965808, 0.4109674577650747, -0.5302550356343781, 0.4109674577650747, -0.5302550356343781
0, 0, 1, 0, 0.40406277148215064, 0.06970523413965808, 0.9516330120108324, 0.3149945157794425, 0.9516330120108324, 0.3149945157794425
0, 0, 1, 0, 0.40406277148215064, -0.06970523413965808, 0.4109674577650747, 0.5302550356343781, 0.4109674577650747, 0.5302550356343781
0, 0, 1, 0, 0.40406277148215064, -0.06970523413965808, 0.9516330120108324, -0.3149945157794425, 0.9516330120108324, -0.3149945157794425
0, 0, 1, 0, 0.515018538721491, 0.35326050191913905, 0.7574933253996572, -0.19556185351600336, 0.7574933253996572, -0.19556185351600336
0, 0, 1, 0, 0.515018538721491, 0.35326050191913905, 0.6822381503405219, 0.9294875418001052, 0.6822381503405219, 0.9294875418001052
0, 0, 1, 0, 0.515018538721491, -0.35326050191913905, 0.7574933253996572, 0.19556185351600336, 0.7574933253996572, 0.19556185351600336
0, 0, 1, 0, 0.515018538721491, -0.35326050191913905, 0.6822381503405219, -0.9294875418001052, 0.6822381503405219, -0.9294875418001052
0, 0, 1, 0, 0.40106201234894956, 0.035683146561229194, -0.010539212104721196, -0.4008766225749556, -0.010539212104721196, -0.4008766225749556
0, 0, 1, 0, 0.40106201234894956, 0.035683146561229194, 0.3303076234040863, -0.560130428682772, 0.3303076234040863, -0.560130428682772
0, 0, 1, 0, 0.40106201234894956, -0.035683146561229194, -0.010539212104721196, 0.4008766225749556, -0.010539212104721196, 0.4008766225749556
0, 0, 1, 0, 0.40106201234894956, -0.035683146561229194, 0.3303076234040863, 0.560130428682772, 0.3303076234040863, 0.560130428682772
0, 0, 1, 0, 0.4624158202619596, 0.2664643497644258, 0.11193272460623502, 0.7534567518197148, 0.11193272460623502, 0.7534567518197148
0, 0, 1, 0, 0.4624158202619596, 0.2664643497644258, -0.12403498635243002, 0.39325335331493827, -0.12403498635243002, 0.39325335331493827
0, 0, 1, 0, 0.4624158202619596, -0.2664643497644258, 0.11193272460623502, -0.7534567518197148, 0.11193272460623502, -0.7534567518197148
0, 0, 1, 0, 0.4624158202619596, -0.2664643497644258, -0.12403498635243002, -0.39325335331493827, -0.12403498635243002, -0.39325335331493827
0, 0, 1, 0, 0.40024336719874753, 0.017087463559684452, -0.029400896107853736, -0.4017273009934863, -0.029400896107853736, -0.4017273009934863
0, 0, 1, 0, 0.40024336719874753, 0.017087463559684452, 0.2660416018391794, -0.5677115499264666, 0.2660416018391794, -0.5677115499264666
0, 0, 1, 0, 0.40024336719874753, -0.017087463559684452, -0.029400896107853736, 0.4017273009934863, -0.029400896107853736, 0.4017273009934863
0, 0, 1, 0, 0.40024336719874753, -0.017087463559684452, 0.2660416018391794, 0.5677115499264666, 0.2660416018391794, 0.5677115499264666
0, 0, 1, 0, 1.1258761734464926, 0.5866474145161372, 0.7866126310997533, 1.081521387194376, 0.7866126310997533, 1.081521387194376
0, 0, 1, 0, 1.1258761734464926, 0.5866474145161372, 0.5343944667174066, 0.48590323054084555, 0.5343944667174066, 0.48590323054084555
0, 0, 1, 0, 1.1258761734464926, -0.5866474145161372, 0.7866126310997533, -1.081521387194376, 0.7866126310997533, -1.081521387194376
0, 0, 1, 0, 1.1258761734464926, -0.5866474145161372, 0.5343944667174066, -0.48590323054084555, 0.5343944667174066, -0.48590323054084555
0, 0, 1, 0, 0.9726179811646963, 0.5993748618723537, 0.5174957266867775, 0.2083969424460307, 0.5174957266867775, 0.2083969424460307
0, 0, 1, 0, 0.9726179811646963, 0.5993748618723537, 1.441187341241321, 0.22461793425475451, 1.441187341241321, 0.22461793425475451
0, 0, 1, 0, 0.9726179811646963, -0.5993748618723537, 0.5174957266867775, -0.2083969424460307, 0.5174957266867775, -0.2083969424460307
0, 0, 1, 0, 0.9726179811646963, -0.5993748618723537, 1.441187341241321, -0.22461793425475451, 1.441187341241321, -0.22461793425475451
0, 0, 1, 0, 0.4019227296997957, 0.04799561178124826, 0.2126545628338174, 0.617361540697962, 0.2126545628338174, 0.617361540697962
0, 0, 1, 0, 0.4019227296997957, 0.04799561178124826, -0.09059223477697803, 0.39067477625793834, -0.09059223477697803, 0.39067477625793834
0, 0, 1, 0, 0.4019227296997957, -0.04799561178124826, 0.2126545628338174, -0.617361540697962, 0.2126545628338174, -0.617361540697962
0, 0, 1, 0, 0.4019227296997957, -0.04799561178124826, -0.09059223477697803, -0.39067477625793834, -0.09059223477697803, -0.39067477625793834
0, 0, 1, 0, 0.5537039662254719, 0.4010235033475285, 0.40342375361938476, -0.17985157590709855, 0.40342375361938476, -0.17985157590709855
0, 0, 1, 0, 0.5537039662254719, 0.4010235033475285, 0.8808971787047422, -0.10191247837131324, 0.8808971787047422, -0.10191247837131324
0, 0, 1, 0, 0.5537039662254719, -0.4010235033475285, 0.40342375361938476, 0.17985157590709855, 0.40342375361938476, 0.17985157590709855
0, 0, 1, 0, 0.5537039662254719, -0.4010235033475285, 0.8808971787047422, 0.10191247837131324, 0.8808971787047422, 0.10191247837131324
0, 0, 1, 0, 1.2200413410717539, 0.5581951345357142, 1.1088931994344666, 1.147810340081312, 1.1088931994344666, 1.147810340081312
0, 0, 1, 0, 1.2200413410717539, 0.5581951345357142, 0.8444270145102328, 0.09031280137732822, 0.8444270145102328, 0.09031280137732822
0, 0, 1, 0, 1.2200413410717539, -0.5581951345357142, 1.1088931994344666, -1.147810340081312, 1.1088931994344666, -1.147810340081312
0, 0, 1, 0, 1.2200413410717539, -0.5581951345357142, 0.8444270145102328, -0.09031280137732822, 0.8444270145102328, -0.09031280137732822
0, 0, 1, 0, 0.4346581654406758, 0.2009691769826849, 0.22042922117543834, -0.3594823904511138, 0.22042922117543834, -0.3594823904511138
0, 0, 1, 0, 0.4346581654406758, 0.2009691769826849, 0.5128839559577116, -0.39390957175354696, 0.5128839559577116, -0.39390957175354696
0, 0, 1, 0, 0.4346581654406758, -0.2009691769826849, 0.22042922117543834, 0.3594823904511138, 0.22042922117543834, 0.3594823904511138
0, 0, 1, 0, 0.4346581654406758, -0.2009691769826849, 0.5128839559577116, 0.39390957175354696, 0.5128839559577116, 0.39390957175354696
0, 0, 1, 0, 0.5314651945824967, 0.37480012821820424, 1.121308212170829, 0.2648673551144106, 1.121308212170829, 0.2648673551144106
0, 0, 1, 0, 0.5314651945824967, 0.37480012821820424, 0.12143899231912192, 0.8128395253704169, 0.12143899231912192, 0.8128395253704169
0, 0, 1, 0, 0.5314651945824967, -0.37480012821820424, 1.121308212170829, -0.2648673551144106, 1.121308212170829, -0.2648673551144106
0, 0, 1, 0, 0.5314651945824967, -0.37480012821820424, 0.12143899231912192, -0.8128395253704169, 0.12143899231912192, -0.8128395253704169
0, 0, 1, 0, 0.5688396556110263, 0.4172538285341209, 0.4063869121691994, -0.16033521754295277, 0.4063869121691994, -0.16033521754295277
0, 0, 1, 0, 0.5688396556110263, 0.4172538285341209, 0.9334406913941089, -0.059260688249894056, 0.9334406913941089, -0.059260688249894056
0, 0, 1, 0, 0.5688396556110263, -0.4172538285341209, 0.4063869121691994, 0.16033521754295277, 0.4063869121691994, 0.16033521754295277
0, 0, 1, 0, 0.5688396556110263, -0.4172538285341209, 0.9334406913941089, 0.059260688249894056, 0.9334406913941089, 0.059260688249894056
0, 0, 1, 0, 0.8609984569808484, 0.5836767693152564, 0.893861034868082, 1.1827761358435525, 0.893861034868082, 1.1827761358435525
0, 0, 1, 0, 0.8609984569808484, 0.5836767693152564, 0.31308533662332855, 0.3391543520605476, 0.31308533662332855, 0.3391543520605476
0, 0, 1, 0, 0.8609984569808484, -0.5836767693152564, 0.893861034868082, -1.1827761358435525, 0.893861034868082, -1.1827761358435525
0, 0, 1, 0, 0.8609984569808484, -0.5836767693152564, 0.31308533662332855, -0.3391543520605476, 0.31308533662332855, -0.3391543520605476
0, 0, 1, 0, 0.41352195730325936, 0.1266629599946251, 0.21220096477503764, -0.43855368693595825, 0.21220096477503764, -0.43855368693595825
0, 0, 1, 0, 0.41352195730325936, 0.1266629599946251, 0.9850961168154508, -0.0558280813688673, 0.9850961168154508, -0.0558280813688673
0, 0, 1, 0, 0.41352195730325936, -0.1266629599946251, 0.21220096477503764, 0.43855368693595825, 0.21220096477503764, 0.43855368693595825
0, 0, 1, 0, 0.41352195730325936, -0.1266629599946251, 0.9850961168154508, 0.0558280813688673, 0.9850961168154508, 0.0558280813688673
0, 0, 1, 0, 0.7075282646213588, 0.5238895723381083, 1.0397242361923418, 1.0235352832893887, 1.0397242361923418, 1.0235352832893887
0, 0, 1, 0, 0.7075282646213588, 0.5238895723381083, 0.12242019386561409, 0.39104174384064855, 0.12242019386561409, 0.39104174384064855
0, 0, 1, 0, 0.7075282646213588, -0.5238895723381083, 1.0397242361923418, -1.0235352832893887, 1.0397242361923418, -1.0235352832893887
0, 0, 1, 0, 0.7075282646213588, -0.5238895723381083, 0.12242019386561409, -0.39104174384064855, 0.12242019386561409, -0.39104174384064855
0, 0, 1, 0, 0.40812250013555007, 0.09839220067773666, 0.2746391785864894, -0.48657121943349557, 0.2746391785864894, -0.48657121943349557
0, 0, 1, 0, 0.40812250013555007, 0.09839220067773666, 1.0081198243729912, 0.10018410131975938, 1.0081198243729912, 0.10018410131975938
0, 0, 1, 0, 0.40812250013555007, -0.09839220067773666, 0.2746391785864894, 0.48657121943349557, 0.2746391785864894, 0.48657121943349557
0, 0, 1, 0, 0.40812250013555007, -0.09839220067773666, 1.0081198243729912, -0.10018410131975938, 1.0081198243729912, -0.10018410131975938
0, 0, 1, 0, 1.3663207331065248, -0.47519377152515185, 1.595968433850096, 0.07911835493717903, 1.595968433850096, 0.07911835493717903
0, 0, 1, 0, 1.3663207331065248, -0.47519377152515185, 0.7703010757105385, -0.544190641001753, 0.7703010757105385, -0.544190641001753
0, 0, 1, 0, 1.3663207331065248, 0.47519377152515185, 1.595968433850096, -0.07911835493717903, 1.595968433850096, -0.07911835493717903
0, 0, 1, 0, 1.3663207331065248, 0.47519377152515185, 0.7703010757105385, 0.544190641001753, 0.7703010757105385, 0.544190641001753
0, 0, 1, 0, 0.41128562998418705, 0.11582482694519537, 0.11780535794820662, -0.4075004351296322, 0.11780535794820662, -0.4075004351296322
0, 0, 1, 0, 0.41128562998418705, 0.11582482694519537, 0.3152399088819376, -0.47643796899757607, 0.3152399088819376, -0.47643796899757607
0, 0, 1, 0, 0.41128562998418705, -0.11582482694519537, 0.11780535794820662, 0.4075004351296322, 0.11780535794820662, 0.4075004351296322
0, 0, 1, 0, 0.41128562998418705, -0.11582482694519537, 0.3152399088819376, 0.47643796899757607, 0.3152399088819376, 0.47643796899757607
0, 0, 1, 0, 0.677054623186307, 0.5056740883164391, 0.770158839425822, 1.0984064097891473, 0.770158839425822, 1.0984064097891473
0, 0, 1, 0, 0.677054623186307, 0.5056740883164391, 0.08817359239083433, 0.3906996060638036, 0.08817359239083433, 0.3906996060638036
0, 0, 1, 0, 0.677054623186307, -0.5056740883164391, 0.770158839425822, -1.0984064097891473, 0.770158839425822, -1.0984064097891473
0, 0, 1, 0, 0.677054623186307, -0.5056740883164391, 0.08817359239083433, -0.3906996060638036, 0.08817359239083433, -0.3906996060638036
0, 0, 1, 0, 0.4008230422361013, 0.03141613096482589, -0.010660413743795505, -0.4052546437096882, -0.010660413743795505, -0.4052546437096882
0, 0, 1, 0, 0.4008230422361013, 0.03141613096482589, 0.5111864034695897, -0.5583464725437779, 0.5111864034695897, -0.5583464725437779
0, 0, 1, 0, 0.4008230422361013, -0.03141613096482589, -0.010660413743795505, 0.4052546437096882, -0.010660413743795505, 0.4052546437096882
0, 0, 1, 0, 0.4008230422361013, -0.03141613096482589, 0.5111864034695897, 0.5583464725437779, 0.5111864034695897, 0.5583464725437779
0, 0, 1, 0, 0.4586398993719728, 0.25870686393679676, -0.059093673852175774, 0.5619426585860352, -0.059093673852175774, 0.5619426585860352
0, 0, 1, 0, 0.4586398993719728, 0.25870686393679676, -0.09677506689921435, 0.48567429605421747, -0.09677506689921435, 0.48567429605421747
0, 0, 1, 0, 0.4586398993719728, -0.25870686393679676, -0.059093673852175774, -0.5619426585860352, -0.059093673852175774, -0.5619426585860352
0, 0, 1, 0, 0.4586398993719728, -0.25870686393679676, -0.09677506689921435, -0.48567429605421747, -0.09677506689921435, -0.48567429605421747
0, 0, 1, 0, 0.42678580617427775, 0.17727235542161454, 0.1775154147422004, -0.36849707570777634, 0.1775154147422004, -0.36849707570777634
0, 0, 1, 0, 0.42678580617427775, 0.17727235542161454, 0.8231307239949797, -0.2731837535587178, 0.8231307239949797, -0.2731837535587178
0, 0, 1, 0, 0.42678580617427775, -0.17727235542161454, 0.1775154147422004, 0.36849707570777634, 0.1775154147422004, 0.36849707570777634
0, 0, 1, 0, 0.42678580617427775, -0.17727235542161454, 0.8231307239949797, 0.2731837535587178, 0.8231307239949797, 0.2731837535587178
0, 0, 1, 0, 1.51520969325005, 0.3075044259538215, 1.0983121864367453, 0.73900931446941, 1.0983121864367453, 0.73900931446941
0, 0, 1, 0, 1.51520969325005, 0.3075044259538215, 0.9274978430575943, 0.42831328797710355, 0.9274978430575943, 0.42831328797710355
0, 0, 1, 0, 1.51520969325005, -0.3075044259538215, 1.0983121864367453, -0.73900931446941, 1.0983121864367453, -0.73900931446941
0, 0, 1, 0, 1.51520969325005, -0.3075044259538215, 0.9274978430575943, -0.42831328797710355, 0.9274978430575943, -0.42831328797710355
0, 0, 1, 0, 0.4033815252984846, 0.06361128551473554, 0.021798028535092245, -0.3994157493307712, 0.021798028535092245, -0.3994157493307712
0, 0, 1, 0, 0.4033815252984846, 0.06361128551473554, 0.43057509415601913, -0.5357721558754904, 0.43057509415601913, -0.5357721558754904
0, 0, 1, 0, 0.4033815252984846, -0.06361128551473554, 0.021798028535092245, 0.3994157493307712, 0.021798028535092245, 0.3994157493307712
0, 0, 1, 0, 0.4033815252984846, -0.06361128551473554, 0.43057509415601913, 0.5357721558754904, 0.43057509415601913, 0.5357721558754904
0, 0, 1, 0, 1.5950214840430488, 0.0771325711175754, 1.3180549618084918, 0.6093820855009092, 1.3180549618084918, 0.6093820855009092
0, 0, 1, 0, 1.5950214840430488, 0.0771325711175754, 1.2715384012043784, -0.4281977120806414, 1.2715384012043784, -0.4281977120806414
0, 0, 1, 0, 1.5950214840430488, -0.0771325711175754, 1.3180549618084918, -0.6093820855009092, 1.3180549618084918, -0.6093820855009092
0, 0, 1, 0, 1.5950214840430488, -0.0771325711175754, 1.2715384012043784, 0.4281977120806414, 1.2715384012043784, 0.4281977120806414
0, 0, 1, 0, 0.5568770702099832, 0.4045269695512424, 0.41402424678761407, -0.17821917658810138, 0.41402424678761407, -0.17821917658810138
0, 0, 1, 0, 0.5568770702099832, 0.4045269695512424, 0.8620336543027478, -0.11207680432660638, 0.8620336543027478, -0.11207680432660638
0, 0, 1, 0, 0.5568770702099832, -0.4045269695512424, 0.41402424678761407, 0.17821917658810138, 0.41402424678761407, 0.17821917658810138
0, 0, 1, 0, 0.5568770702099832, -0.4045269695512424, 0.8620336543027478, 0.11207680432660638, 0.8620336543027478, 0.11207680432660638
0, 0, 1, 0, 0.5803497116981049, 0.4288282121411047, 0.6066368381272232, -0.17059566708302126, 0.6066368381272232, -0.17059566708302126
0, 0, 1, 0, 0.5803497116981049, 0.4288282121411047, 0.9196934427848747, 0.9236472014413437, 0.9196934427848747, 0.9236472014413437
0, 0, 1, 0, 0.5803497116981049, -0.4288282121411047, 0.6066368381272232, 0.17059566708302126, 0.6066368381272232, 0.17059566708302126
0, 0, 1, 0, 0.5803497116981049, -0.4288282121411047, 0.9196934427848747, -0.9236472014413437, 0.9196934427848747, -0.9236472014413437
0, 0, 1, 0, 0.4032130377583345, 0.06201065794171916, 0.02006375410831468, -0.3997215441391804, 0.02006375410831468, -0.3997215441391804
0, 0, 1, 0, 0.4032130377583345, 0.06201065794171916, 0.4073406358565082, -0.5379751443352513, 0.4073406358565082, -0.5379751443352513
0, 0, 1, 0, 0.4032130377583345, -0.06201065794171916, 0.02006375410831468, 0.3997215441391804, 0.02006375410831468, 0.3997215441391804
0, 0, 1, 0, 0.4032130377583345, -0.06201065794171916, 0.4073406358565082, 0.5379751443352513, 0.4073406358565082, 0.5379751443352513
0, 0, 1, 0, 1.351068819161688, 0.4865703281257684, 1.1371316439644592, 1.0471333353503178, 1.1371316439644592, 1.0471333353503178
0, 0, 1, 0, 1.351068819161688, 0.4865703281257684, 1.0698516656400479, -0.04344562688425413, 1.0698516656400479, -0.04344562688425413
0, 0, 1, 0, 1.351068819161688, -0.4865703281257684, 1.1371316439644592, -1.0471333353503178, 1.1371316439644592, -1.0471333353503178
0, 0, 1, 0, 1.351068819161688, -0.4865703281257684, 1.0698516656400479, 0.04344562688425413, 1.0698516656400479, 0.04344562688425413
0, 0, 1, 0, 0.5886369545870052, 0.43678420858422334, 0.3797955118701782, -0.1256971260429394, 0.3797955118701782, -0.1256971260429394
0, 0, 1, 0, 0.5886369545870052, 0.43678420858422334, 1.1621730921448208, 0.26055623431435193, 1.1621730921448208, 0.26055623431435193
0, 0, 1, 0, 0.5886369545870052, -0.43678420858422334, 0.3797955118701782, 0.1256971260429394, 0.3797955118701782, 0.1256971260429394
0, 0, 1, 0, 0.5886369545870052, -0.43678420858422334, 1.1621730921448208, -0.26055623431435193, 1.1621730921448208, -0.26055623431435193
0, 0, 1, 0, 1.5087487299507218, 0.318079753793805, 1.0900774817774794, 0.7478638693135149, 1.0900774817774794, 0.7478638693135149
0, 0, 1, 0, 1.5087487299507218, 0.318079753793805, 0.9203093174161092, 0.4352934807029001, 0.9203093174161092, 0.4352934807029001
0, 0, 1, 0, 1.5087487299507218, -0.318079753793805, 1.0900774817774794, -0.7478638693135149, 1.0900774817774794, -0.7478638693135149
0, 0, 1, 0, 1.5087487299507218, -0.318079753793805, 0.9203093174161092, -0.4352934807029001, 0.9203093174161092, -0.4352934807029001
0, 0, 1, 0, 0.8226346172190738, 0.57318541589173, 0.4737545506320532, 0.08504332680471428, 0.4737545506320532, 0.08504332680471428
0, 0, 1, 0, 0.8226346172190738, 0.57318541589173, 1.3151051154997613, 0.23044235130373347, 1.3151051154997613, 0.23044235130373347
0, 0, 1, 0, 0.8226346172190738, -0.57318541589173, 0.4737545506320532, -0.08504332680471428, 0.4737545506320532, -0.08504332680471428
0, 0, 1, 0, 0.8226346172190738, -0.57318541589173, 1.3151051154997613, -0.23044235130373347, 1.3151051154997613, -0.23044235130373347
0, 0, 1, 0, 1.3630058699106269, 0.4777308221273032, 1.1787983358387781, 1.0487541004541756, 1.1787983358387781, 1.0487541004541756
0, 0, 1, 0, 1.3630058699106269, 0.4777308221273032, 1.010523526922272, -0.007816495733108608, 1.010523526922272, -0.007816495733108608
0, 0, 1, 0, 1.3630058699106269, -0.4777308221273032, 1.1787983358387781, -1.0487541004541756, 1.1787983358387781, -1.0487541004541756
0, 0, 1, 0, 1.3630058699106269, -0.4777308221273032, 1.010523526922272, 0.007816495733108608, 1.010523526922272, 0.007816495733108608
0, 0, 1, 0, 0.4017482861821917, 0.045769934608377326, 0.00018996772931983985, -0.4000449562166174, 0.00018996772931983985, -0.4000449562166174
0, 0, 1, 0, 0.4017482861821917, 0.045769934608377326, 0.3904151004368475, -0.5541230215936951, 0.3904151004368475, -0.5541230215936951
0, 0, 1, 0, 0.4017482861821917, -0.045769934608377326, 0.00018996772931983985, 0.4000449562166174, 0.00018996772931983985, 0.4000449562166174
0, 0, 1, 0, 0.4017482861821917, -0.045769934608377326, 0.3904151004368475, 0.5541230215936951, 0.3904151004368475, 0.5541230215936951
0, 0, 1, 0, 0.9528293359995905, 0.5981428996968537, 0.5256249459643433, 1.0194461267609394, 0.5256249459643433, 1.0194461267609394
0, 0, 1, 0, 0.9528293359995905, 0.5981428996968537, 0.35323963149158005, 0.5759576287272048, 0.35323963149158005, 0.5759576287272048
0, 0, 1, 0, 0.9528293359995905, -0.5981428996968537, 0.5256249459643433, -1.0194461267609394, 0.5256249459643433, -1.0194461267609394
0, 0, 1, 0, 0.9528293359995905, -0.5981428996968537, 0.35323963149158005, -0.5759576287272048, 0.35323963149158005, -0.5759576287272048
0, 0, 1, 0, 0.4323945028646713, 0.1944839315258625, 0.20658770817711503, -0.3614039092054598, 0.20658770817711503, -0.3614039092054598
0, 0, 1, 0, 0.4323945028646713, 0.1944839315258625, 0.8963103703955082, -0.18601845723551053, 0.8963103703955082, -0.18601845723551053
0, 0, 1, 0, 0.4323945028646713, -0.1944839315258625, 0.20658770817711503, 0.3614039092054598, 0.20658770817711503, 0.3614039092054598
0, 0, 1, 0, 0.4323945028646713, -0.1944839315258625, 0.8963103703955082, 0.18601845723551053, 0.8963103703955082, 0.18601845723551053
0, 0, 1, 0, 0.7933519680241513, 0.5632908581545671, 0.3848198509451338, 0.12385768995383156, 0.3848198509451338, 0.12385768995383156
0, 0, 1, 0, 0.7933519680241513, 0.5632908581545671, 1.38878439182092, 0.6371842184212724, 1.38878439182092, 0.6371842184212724
0, 0, 1, 0, 0.7933519680241513, -0.5632908581545671, 0.3848198509451338, -0.12385768995383156, 0.3848198509451338, -0.12385768995383156
0, 0, 1, 0, 0.7933519680241513, -0.5632908581545671, 1.38878439182092, -0.6371842184212724, 1.38878439182092, -0.6371842184212724
0, 0, 1, 0, 0.40586338431622415, 0.08367605334759275, 0.053157548517881514, -0.40170894167573146, 0.053157548517881514, -0.40170894167573146
0, 0, 1, 0, 0.40586338431622415, 0.08367605334759275, 0.6055287053005916, -0.4821275871463594, 0.6055287053005916, -0.4821275871463594
0, 0, 1, 0, 0.40586338431622415, -0.08367605334759275, 0.053157548517881514, 0.40170894167573146, 0.053157548517881514, 0.40170894167573146
0, 0, 1, 0, 0.40586338431622415, -0.08367605334759275, 0.6055287053005916, 0.4821275871463594, 0.6055287053005916, 0.4821275871463594
0, 0, 1, 0, 1.5975762416937238, 0.05387611124797415, 1.4600150639313498, 0.6378940239635247, 1.4600150639313498, 0.6378940239635247
0, 0, 1, 0, 1.5975762416937238, 0.05387611124797415, 1.0232349669645506, -0.11970989090216594, 1.0232349669645506, -0.11970989090216594
0, 0, 1, 0, 1.5975762416937238, -0.05387611124797415, 1.4600150639313498, -0.6378940239635247, 1.4600150639313498, -0.6378940239635247
0, 0, 1, 0, 1.5975762416937238, -0.05387611124797415, 1.0232349669645506, 0.11970989090216594, 1.0232349669645506, 0.11970989090216594
0, 0, 1, 0, 0.40445055016920395, 0.07294417595830516, 0.12111434978428515, -0.4559420098618929, 0.12111434978428515, -0.4559420098618929
0, 0, 1, 0, 0.40445055016920395, 0.07294417595830516, 0.9097269873743413, -0.25062300718189345, 0.9097269873743413, -0.25062300718189345
0, 0, 1, 0, 0.40445055016920395, -0.07294417595830516, 0.12111434978428515, 0.4559420098618929, 0.12111434978428515, 0.4559420098618929
0, 0, 1, 0, 0.40445055016920395, -0.07294417595830516, 0.9097269873743413, 0.25062300718189345, 0.9097269873743413, 0.25062300718189345
0, 0, 1, 0, 0.8105044975327499, 0.5692903077909235, 0.6824835809516535, 1.1554734233083666, 0.6824835809516535, 1.1554734233083666
0, 0, 1, 0, 0.8105044975327499, 0.5692903077909235, 0.23249369386479643, 0.40834463110737107, 0.23249369386479643, 0.40834463110737107
0, 0, 1, 0, 0.8105044975327499, -0.5692903077909235, 0.6824835809516535, -1.1554734233083666, 0.6824835809516535, -1.1554734233083666
0, 0, 1, 0, 0.8105044975327499, -0.5692903077909235, 0.23249369386479643, -0.40834463110737107, 0.23249369386479643, -0.40834463110737107
0, 0, 1, 0, 0.9749957470044504, 0.5994787630368023, 0.47980531979803065, 0.2606772860578442, 0.47980531979803065, 0.2606772860578442
0, 0, 1, 0, 0.9749957470044504, 0.5994787630368023, 1.4944027419725727, 0.2991183568941405, 1.4944027419725727, 0.2991183568941405
0, 0, 1, 0, 0.9749957470044504, -0.5994787630368023, 0.47980531979803065, -0.2606772860578442, 0.47980531979803065, -0.2606772860578442
0, 0, 1, 0, 0.9749957470044504, -0.5994787630368023, 1.4944027419725727, -0.2991183568941405, 1.4944027419725727, -0.2991183568941405
0, 0, 1, 0, 1.595832389327001, -0.07059577769864761, 1.4955390351816678, 0.5209625398950438, 1.4955390351816678, 0.5209625398950438
0, 0, 1, 0, 1.595832389327001, -0.07059577769864761, 1.0751554817822329, -0.3687493588436962, 1.0751554817822329, -0.3687493588436962
0, 0, 1, 0, 1.595832389327001, 0.07059577769864761, 1.4955390351816678, -0.5209625398950438, 1.4955390351816678, -0.5209625398950438
0, 0, 1, 0, 1.595832389327001, 0.07059577769864761, 1.0751554817822329, 0.3687493588436962, 1.0751554817822329, 0.3687493588436962
0, 0, 1, 0, 0.46670605768973683, 0.27495012474115677, 0.2771074618990212, -0.2943058567594234, 0.2771074618990212, -0.2943058567594234
0, 0, 1, 0, 0.46670605768973683, 0.27495012474115677, 0.9521647928155677, -0.07765420944948871, 0.9521647928155677, -0.07765420944948871
0, 0, 1, 0, 0.46670605768973683, -0.27495012474115677, 0.2771074618990212, 0.2943058567594234, 0.2771074618990212, 0.2943058567594234
0, 0, 1, 0, 0.46670605768973683, -0.27495012474115677, 0.9521647928155677, 0.07765420944948871, 0.9521647928155677, 0.07765420944948871
0, 0, 1, 0, 1.0528131063510755, 0.5976711267892653, 0.9559857248941795, 1.1898066334093302, 0.9559857248941795, 1.1898066334093302
0, 0, 1, 0, 1.0528131063510755, 0.5976711267892653, 0.8867113020650027, 0.02112087692988729, 0.8867113020650027, 0.02112087692988729
0, 0, 1, 0, 1.0528131063510755, -0.5976711267892653, 0.9559857248941795, -1.1898066334093302, 0.9559857248941795, -1.1898066334093302
0, 0, 1, 0, 1.0528131063510755, -0.5976711267892653, 0.8867113020650027, -0.02112087692988729, 0.8867113020650027, -0.02112087692988729
0, 0, 1, 0, 0.40333310428154634, 0.06315548712268725, 0.15872778278948085, -0.48472062724785486, 0.15872778278948085, -0.48472062724785486
0, 0, 1, 0, 0.40333310428154634, 0.06315548712268725, 0.9663227935125285, -0.14431164236919675, 0.9663227935125285, -0.14431164236919675
0, 0, 1, 0, 0.40333310428154634, -0.06315548712268725, 0.15872778278948085, 0.48472062724785486, 0.15872778278948085, 0.48472062724785486
0, 0, 1, 0, 0.40333310428154634, -0.06315548712268725, 0.9663227935125285, 0.14431164236919675, 0.9663227935125285, 0.14431164236919675
0, 0, 1, 0, 1.1509840997937093, 0.5806925189887358, 0.5609581560016856, 0.6896392291379262, 0.5609581560016856, 0.6896392291379262
0, 0, 1, 0, 1.1509840997937093, 0.5806925189887358, 1.558469024379785, 0.14028811819887033, 1.558469024379785, 0.14028811819887033
0, 0, 1, 0, 1.1509840997937093, -0.5806925189887358, 0.5609581560016856, -0.6896392291379262, 0.5609581560016856, -0.6896392291379262
0, 0, 1, 0, 1.1509840997937093, -0.5806925189887358, 1.558469024379785, -0.14028811819887033, 1.558469024379785, -0.14028811819887033
0, 0, 1, 0, 0.40792478209353167, 0.09719535143723708, 0.2672954441159147, -0.48609136133785885, 0.2672954441159147, -0.48609136133785885
0, 0, 1, 0, 0.40792478209353167, 0.09719535143723708, 1.0078065987270697, 0.08528711594887822, 1.0078065987270697, 0.08528711594887822
0, 0, 1, 0, 0.40792478209353167, -0.09719535143723708, 0.2672954441159147, 0.48609136133785885, 0.2672954441159147, 0.48609136133785885
0, 0, 1, 0, 0.40792478209353167, -0.09719535143723708, 1.0078065987270697, -0.08528711594887822, 1.0078065987270697, -0.08528711594887822
0, 0, 1, 0, 0.49327492259053973, 0.32129378444715745, 1.0855827377083576, 0.22552608555887382, 1.0855827377083576, 0.22552608555887382
0, 0, 1, 0, 0.49327492259053973, 0.32129378444715745, 0.12364405639399245, 0.7939173373460688, 0.12364405639399245, 0.7939173373460688
0, 0, 1, 0, 0.49327492259053973, -0.32129378444715745, 1.0855827377083576, -0.22552608555887382, 1.0855827377083576, -0.22552608555887382
0, 0, 1, 0, 0.49327492259053973, -0.32129378444715745, 0.12364405639399245, -0.7939173373460688, 0.12364405639399245, -0.7939173373460688
0, 0, 1, 0, 0.40002973759528404, 0.005973627877278274, -0.0424976206057196, -0.39920477387143355, -0.0424976206057196, -0.39920477387143355
0, 0, 1, 0, 0.40002973759528404, 0.005973627877278274, 0.27127616992976933, -0.5800489986597879, 0.27127616992976933, -0.5800489986597879
0, 0, 1, 0, 0.40002973759528404, -0.005973627877278274, -0.0424976206057196, 0.39920477387143355, -0.0424976206057196, 0.39920477387143355
0, 0, 1, 0, 0.40002973759528404, -0.005973627877278274, 0.27127616992976933, 0.5800489986597879, 0.27127616992976933, 0.5800489986597879
0, 0, 1, 0, 1.1103485465361886, 0.5897653756175846, 0.8100272030450928, 1.109194957605079, 0.8100272030450928, 1.109194957605079
0, 0, 1, 0, 1.1103485465361886, 0.5897653756175846, 0.5257165612406463, 0.45483783295341024, 0.5257165612406463, 0.45483783295341024
0, 0, 1, 0, 1.1103485465361886, -0.5897653756175846, 0.8100272030450928, -1.109194957605079, 0.8100272030450928, -1.109194957605079
0, 0, 1, 0, 1.1103485465361886, -0.5897653756175846, 0.5257165612406463, -0.45483783295341024, 0.5257165612406463, -0.45483783295341024
0, 0, 1, 0, 0.42847690681483463, 0.1826509073507732, 0.1760005361462308, -0.3616428389425403, 0.1760005361462308, -0.3616428389425403
0, 0, 1, 0, 0.42847690681483463, 0.1826509073507732, 0.7613032206779501, -0.3165751384444067, 0.7613032206779501, -0.3165751384444067
0, 0, 1, 0, 0.42847690681483463, -0.1826509073507732, 0.1760005361462308, 0.3616428389425403, 0.1760005361462308, 0.3616428389425403
0, 0, 1, 0, 0.42847690681483463, -0.1826509073507732, 0.7613032206779501, 0.3165751384444067, 0.7613032206779501, 0.3165751384444067
0, 0, 1, 0, 0.5600151873634684, 0.4079379421544363, 0.5107555474168293, 1.0059124297977868, 0.5107555474168293, 1.0059124297977868
0, 0, 1, 0, 0.5600151873634684, 0.4079379421544363, -0.03990320848955908, 0.3980425736857936, -0.03990320848955908, 0.3980425736857936
0, 0, 1, 0, 0.5600151873634684, -0.4079379421544363, 0.5107555474168293, -1.0059124297977868, 0.5107555474168293, -1.0059124297977868
0, 0, 1, 0, 0.5600151873634684, -0.4079379421544363, -0.03990320848955908, -0.3980425736857936, -0.03990320848955908, -0.3980425736857936
0, 0, 1, 0, 0.5229260202921349, 0.3638686821996357, 0.3417488953146078, -0.20812331895499364, 0.3417488953146078, -0.20812331895499364
0, 0, 1, 0, 0.5229260202921349, 0.3638686821996357, 1.0246444534652177, 0.03481152331330056, 1.0246444534652177, 0.03481152331330056
0, 0, 1, 0, 0.5229260202921349, -0.3638686821996357, 0.3417488953146078, 0.20812331895499364, 0.3417488953146078, 0.20812331895499364
0, 0, 1, 0, 0.5229260202921349, -0.3638686821996357, 1.0246444534652177, -0.03481152331330056, 1.0246444534652177, -0.03481152331330056
0, 0, 1, 0, 0.8504093616623716, 0.581053044843361, 1.1266428167864535, 1.1136833840751885, 1.1266428167864535, 1.1136833840751885
0, 0, 1, 0, 0.8504093616623716, 0.581053044843361, 0.507089735384744, 0.08898431568798149, 0.507089735384744, 0.08898431568798149
0, 0, 1, 0, 0.8504093616623716, -0.581053044843361, 1.1266428167864535, -1.1136833840751885, 1.1266428167864535, -1.1136833840751885
0, 0, 1, 0, 0.8504093616623716, -0.581053044843361, 0.507089735384744, -0.08898431568798149, 0.507089735384744, -0.08898431568798149
0, 0, 1, 0, 0.4110899204891645, 0.11482559928230872, 0.46544047951125284, -0.48270767739271175, 0.46544047951125284, -0.48270767739271175
0, 0, 1, 0, 0.4110899204891645, 0.11482559928230872, 0.9292722256004049, 0.417293942534295, 0.9292722256004049, 0.417293942534295
0, 0, 1, 0, 0.4110899204891645, -0.11482559928230872, 0.46544047951125284, 0.48270767739271175, 0.46544047951125284, 0.48270767739271175
0, 0, 1, 0, 0.4110899204891645, -0.11482559928230872, 0.9292722256004049, -0.417293942534295, 0.9292722256004049, -0.417293942534295
0, 0, 1, 0, 0.9819188473079493, 0.5997274980500116, 0.381971109622086, 0.5918084043130606, 0.381971109622086, 0.5918084043130606
0, 0, 1, 0, 0.9819188473079493, 0.5997274980500116, 1.5340580624367521, 0.36490354885200116, 1.5340580624367521, 0.36490354885200116
0, 0, 1, 0, 0.9819188473079493, -0.5997274980500116, 0.381971109622086, -0.5918084043130606, 0.381971109622086, -0.5918084043130606
0, 0, 1, 0, 0.9819188473079493, -0.5997274980500116, 1.5340580624367521, -0.36490354885200116, 1.5340580624367521, -0.36490354885200116
0, 0, 1, 0, 0.41439602984015533, 0.13064451818973397, 0.10812605428250102, -0.38529995757477487, 0.10812605428250102, -0.38529995757477487
0, 0, 1, 0, 0.41439602984015533, 0.13064451818973397, 0.5990036939704184, -0.4402495265719608, 0.5990036939704184, -0.4402495265719608
0, 0, 1, 0, 0.41439602984015533, -0.13064451818973397, 0.10812605428250102, 0.38529995757477487, 0.10812605428250102, 0.38529995757477487
0, 0, 1, 0, 0.41439602984015533, -0.13064451818973397, 0.5990036939704184, 0.4402495265719608, 0.5990036939704184, 0.4402495265719608
0, 0, 1, 0, 0.4180054110515403, 0.14588453802481402, 0.7159729465877445, -0.3748988601038907, 0.7159729465877445, -0.3748988601038907
0, 0, 1, 0, 0.4180054110515403, 0.14588453802481402, 0.6890893193512699, 0.6811541099798653, 0.6890893193512699, 0.6811541099798653
0, 0, 1, 0, 0.4180054110515403, -0.14588453802481402, 0.7159729465877445, 0.3748988601038907, 0.7159729465877445, 0.3748988601038907
0, 0, 1, 0, 0.4180054110515403, -0.14588453802481402, 0.6890893193512699, -0.6811541099798653, 0.6890893193512699, -0.6811541099798653
0, 0, 1, 0, 0.4006857592767714, 0.02867822983274903, -0.01668223335931615, -0.40237160339181294, -0.01668223335931615, -0.40237160339181294
0, 0, 1, 0, 0.4006857592767714, 0.02867822983274903, 0.2863985960265787, -0.5603365783989488, 0.2863985960265787, -0.5603365783989488
0, 0, 1, 0, 0.4006857592767714, -0.02867822983274903, -0.01668223335931615, 0.40237160339181294, -0.01668223335931615, 0.40237160339181294
0, 0, 1, 0, 0.4006857592767714, -0.02867822983274903, 0.2863985960265787, 0.5603365783989488, 0.2863985960265787, 0.5603365783989488
0, 0, 1, 0, 0.9389509746806819, 0.5968861001125434, 0.5022281235451559, 1.0083142849711615, 0.5022281235451559, 1.0083142849711615
0, 0, 1, 0, 0.9389509746806819, 0.5968861001125434, 0.3390938125298738, 0.5837946900899715, 0.3390938125298738, 0.5837946900899715
0, 0, 1, 0, 0.9389509746806819, -0.5968861001125434, 0.5022281235451559, -1.0083142849711615, 0.5022281235451559, -1.0083142849711615
0, 0, 1, 0, 0.9389509746806819, -0.5968861001125434, 0.3390938125298738, -0.5837946900899715, 0.3390938125298738, -0.5837946900899715
0, 0, 1, 0, 0.480761616023198, 0.300651792951845, 0.2978645469646318, -0.2707925719077501, 0.2978645469646318, -0.2707925719077501
0, 0, 1, 0, 0.480761616023198, 0.300651792951845, 0.9786225247235666, -0.03421312845385138, 0.9786225247235666, -0.03421312845385138
0, 0, 1, 0, 0.480761616023198, -0.300651792951845, 0.2978645469646318, 0.2707925719077501, 0.2978645469646318, 0.2707925719077501
0, 0, 1, 0, 0.480761616023198, -0.300651792951845, 0.9786225247235666, 0.03421312845385138, 0.9786225247235666, 0.03421312845385138
0, 0, 1, 0, 0.6713064997958811, 0.5019567540372027, 0.3208617137620574, 0.9889767248204422, 0.3208617137620574, 0.9889767248204422
0, 0, 1, 0, 0.6713064997958811, 0.5019567540372027, 0.07198512721396387, 0.4734279551398306, 0.07198512721396387, 0.4734279551398306
0, 0, 1, 0, 0.6713064997958811, -0.5019567540372027, 0.3208617137620574, -0.9889767248204422, 0.3208617137620574, -0.9889767248204422
0, 0, 1, 0, 0.6713064997958811, -0.5019567540372027, 0.07198512721396387, -0.4734279551398306, 0.07198512721396387, -0.4734279551398306
0, 0, 1, 0, 0.5234594274241984, 0.36456697970212143, 0.3617557811138448, -0.21323223349389533, 0.3617557811138448, -0.21323223349389533
0, 0, 1, 0, 0.5234594274241984, 0.36456697970212143, 1.1183767395189657, 0.28663501084506493, 1.1183767395189657, 0.28663501084506493
0, 0, 1, 0, 0.5234594274241984, -0.36456697970212143, 0.3617557811138448, 0.21323223349389533, 0.3617557811138448, 0.21323223349389533
0, 0, 1, 0, 0.5234594274241984, -0.36456697970212143, 1.1183767395189657, -0.28663501084506493, 1.1183767395189657, -0.28663501084506493
0, 0, 1, 0, 1.5985213265760945, -0.042097762809821596, 1.4142085646577234, 0.5288915591516506, 1.4142085646577234, 0.5288915591516506
0, 0, 1, 0, 1.5985213265760945, -0.042097762809821596, 1.0005152306352285, 0.006776660128601564, 1.0005152306352285, 0.006776660128601564
0, 0, 1, 0, 1.5985213265760945, 0.042097762809821596, 1.4142085646577234, -0.5288915591516506, 1.4142085646577234, -0.5288915591516506
0, 0, 1, 0, 1.5985213265760945, 0.042097762809821596, 1.0005152306352285, -0.006776660128601564, 1.0005152306352285, -0.006776660128601564
0, 0, 1, 0, 0.8959006033437943, 0.5909004278351928, 0.45046754549132917, 0.18891859867844796, 0.45046754549132917, 0.18891859867844796
0, 0, 1, 0, 0.8959006033437943, 0.5909004278351928, 1.4438962551356043, 0.3465630266513602, 1.4438962551356043, 0.3465630266513602
0, 0, 1, 0, 0.8959006033437943, -0.5909004278351928, 0.45046754549132917, -0.18891859867844796, 0.45046754549132917, -0.18891859867844796
0, 0, 1, 0, 0.8959006033437943, -0.5909004278351928, 1.4438962551356043, -0.3465630266513602, 1.4438962551356043, -0.3465630266513602
0, 0, 1, 0, 0.4535221754117298, 0.24771351847097844, 0.7425367859980702, 0.773518192154682, 0.7425367859980702, 0.773518192154682
0, 0, 1, 0, 0.4535221754117298, 0.24771351847097844, -0.10850694735670907, 0.45776890440559115, -0.10850694735670907, 0.45776890440559115
0, 0, 1, 0, 0.4535221754117298, -0.24771351847097844, 0.7425367859980702, -0.773518192154682, 0.7425367859980702, -0.773518192154682
0, 0, 1, 0, 0.4535221754117298, -0.24771351847097844, -0.10850694735670907, -0.45776890440559115, -0.10850694735670907, -0.45776890440559115
0, 0, 1, 0, 0.42529591244967113, 0.17238100751806718, 0.1615210098219085, -0.36652789085318294, 0.1615210098219085, -0.36652789085318294
0, 0, 1, 0, 0.42529591244967113, 0.17238100751806718, 0.629940938104632, -0.39164063521798986, 0.629940938104632, -0.39164063521798986
0, 0, 1, 0, 0.42529591244967113, -0.17238100751806718, 0.1615210098219085, 0.36652789085318294, 0.1615210098219085, 0.36652789085318294
0, 0, 1, 0, 0.42529591244967113, -0.17238100751806718, 0.629940938104632, 0.39164063521798986, 0.629940938104632, 0.39164063521798986
0, 0, 1, 0, 0.9846209953171413, 0.5998028727965252, 1.006309573222092, 1.1994107493195583, 1.006309573222092, 1.1994107493195583
0, 0, 1, 0, 0.9846209953171413, 0.5998028727965252, 0.49070888301083093, 0.25914053951455135, 0.49070888301083093, 0.25914053951455135
0, 0, 1, 0, 0.9846209953171413, -0.5998028727965252, 1.006309573222092, -1.1994107493195583, 1.006309573222092, -1.1994107493195583
0, 0, 1, 0, 0.9846209953171413, -0.5998028727965252, 0.49070888301083093, -0.25914053951455135, 0.49070888301083093, -0.25914053951455135
0, 0, 1, 0, 0.6316695564084014, 0.4736377142116285, 0.4047243195326397, -0.08178632151189366, 0.4047243195326397, -0.08178632151189366
0, 0, 1, 0, 0.6316695564084014, 0.4736377142116285, 1.226924274915956, 0.5489492013466728, 1.226924274915956, 0.5489492013466728
0, 0, 1, 0, 0.6316695564084014, -0.4736377142116285, 0.4047243195326397, 0.08178632151189366, 0.4047243195326397, 0.08178632151189366
0, 0, 1, 0, 0.6316695564084014, -0.4736377142116285, 1.226924274915956, -0.5489492013466728, 1.226924274915956, -0.5489492013466728
0, 0, 1, 0, 1.1374002333114326, 0.5840557986065747, 0.8187810181508063, 1.0924668485754228, 0.8187810181508063, 1.0924668485754228
0, 0, 1, 0, 1.1374002333114326, 0.5840557986065747, 0.5494136007696447, 0.464591494514647, 0.5494136007696447, 0.464591494514647
0, 0, 1, 0, 1.1374002333114326, -0.5840557986065747, 0.8187810181508063, -1.0924668485754228, 0.8187810181508063, -1.0924668485754228
0, 0, 1, 0, 1.1374002333114326, -0.5840557986065747, 0.5494136007696447, -0.464591494514647, 0.5494136007696447, -0.464591494514647
0, 0, 1, 0, 0.6718648819472797, 0.5023219528355567, 0.4109322584007743, -0.03796886327104493, 0.4109322584007743, -0.03796886327104493
0, 0, 1, 0, 0.6718648819472797, 0.5023219528355567, 1.2210296345319587, 0.260623639811638, 1.2210296345319587, 0.260623639811638
0, 0, 1, 0, 0.6718648819472797, -0.5023219528355567, 0.4109322584007743, 0.03796886327104493, 0.4109322584007743, 0.03796886327104493
0, 0, 1, 0, 0.6718648819472797, -0.5023219528355567, 1.2210296345319587, -0.260623639811638, 1.2210296345319587, -0.260623639811638
0, 0, 1, 0, 0.7451797664151043, 0.5432003760636945, 0.7204239930203507, 1.1426894515968753, 0.7204239930203507, 1.1426894515968753
0, 0, 1, 0, 0.7451797664151043, 0.5432003760636945, 0.16489879885034853, 0.3906421947619012, 0.16489879885034853, 0.3906421947619012
0, 0, 1, 0, 0.7451797664151043, -0.5432003760636945, 0.7204239930203507, -1.1426894515968753, 0.7204239930203507, -1.1426894515968753
0, 0, 1, 0, 0.7451797664151043, -0.5432003760636945, 0.16489879885034853, -0.3906421947619012, 0.16489879885034853, -0.3906421947619012
0, 0, 1, 0, 0.43863943678248984, 0.21183559206167363, 0.2760147049417595, -0.36570505290950983, 0.2760147049417595, -0.36570505290950983
0, 0, 1, 0, 0.43863943678248984, 0.21183559206167363, 1.0197338580594777, 0.06240576384534105, 1.0197338580594777, 0.06240576384534105
0, 0, 1, 0, 0.43863943678248984, -0.21183559206167363, 0.2760147049417595, 0.36570505290950983, 0.2760147049417595, 0.36570505290950983
0, 0, 1, 0, 0.43863943678248984, -0.21183559206167363, 1.0197338580594777, -0.06240576384534105, 1.0197338580594777, -0.06240576384534105
0, 0, 1, 0, 1.0961061621154724, 0.5922529912152699, 0.6713891453542675, 1.0160636277895096, 0.6713891453542675, 1.0160636277895096
0, 0, 1, 0, 1.0961061621154724, 0.5922529912152699, 0.496395644331741, 0.573617142440163, 0.496395644331741, 0.573617142440163
0, 0, 1, 0, 1.0961061621154724, -0.5922529912152699, 0.6713891453542675, -1.0160636277895096, 0.6713891453542675, -1.0160636277895096
0, 0, 1, 0, 1.0961061621154724, -0.5922529912152699, 0.496395644331741, -0.573617142440163, 0.496395644331741, -0.573617142440163
0, 0, 1, 0, 0.40264786501038363, 0.05630654334397647, 0.01324261080783326, -0.40016201855207245, 0.01324261080783326, -0.40016201855207245
0, 0, 1, 0, 0.40264786501038363, 0.05630654334397647, 0.3886944024764324, -0.543531185448831, 0.3886944024764324, -0.543531185448831
0, 0, 1, 0, 0.40264786501038363, -0.05630654334397647, 0.01324261080783326, 0.40016201855207245, 0.01324261080783326, 0.40016201855207245
0, 0, 1, 0, 0.40264786501038363, -0.05630654334397647, 0.3886944024764324, 0.543531185448831, 0.3886944024764324, 0.543531185448831
0, 0, 1, 0, 0.5220486176764294, 0.36271542031596615, 0.9770782083819278, 0.7538011801978448, 0.9770782083819278, 0.7538011801978448
0, 0, 1, 0, 0.5220486176764294, 0.36271542031596615, -0.05541901092406731, 0.5255992375554901, -0.05541901092406731, 0.5255992375554901
0, 0, 1, 0, 0.5220486176764294, -0.36271542031596615, 0.9770782083819278, -0.7538011801978448, 0.9770782083819278, -0.7538011801978448
0, 0, 1, 0, 0.5220486176764294, -0.36271542031596615, -0.05541901092406731, -0.5255992375554901, -0.05541901092406731, -0.5255992375554901
0, 0, 1, 0, 0.40958350385178255, 0.10680992966977322, 0.12134187977366778, -0.4194188857221728, 0.12134187977366778, -0.4194188857221728
0, 0, 1, 0, 0.40958350385178255, 0.10680992966977322, 0.8489734844720151, -0.30176863674132914, 0.8489734844720151, -0.30176863674132914
0, 0, 1, 0, 0.40958350385178255, -0.10680992966977322, 0.12134187977366778, 0.4194188857221728, 0.12134187977366778, 0.4194188857221728
0, 0, 1, 0, 0.40958350385178255, -0.10680992966977322, 0.8489734844720151, 0.30176863674132914, 0.8489734844720151, 0.30176863674132914
0, 0, 1, 0, 1.5499175234783924, -0.23998066041119182, 1.5018274571103327, 0.35808902241574725, 1.5018274571103327, 0.35808902241574725
0, 0, 1, 0, 1.5499175234783924, -0.23998066041119182, 1.0476435452955006, -0.5681892081980096, 1.0476435452955006, -0.5681892081980096
0, 0, 1, 0, 1.5499175234783924, 0.23998066041119182, 1.5018274571103327, -0.35808902241574725, 1.5018274571103327, -0.35808902241574725
0, 0, 1, 0, 1.5499175234783924, 0.23998066041119182, 1.0476435452955006, 0.5681892081980096, 1.0476435452955006, 0.5681892081980096
0, 0, 1, 0, 0.44599109196271236, 0.2303782320778857, 0.47156101098654835, -0.3690766696796313, 0.47156101098654835, -0.3690766696796313
0, 0, 1, 0, 0.44599109196271236, 0.2303782320778857, 0.9712928754710187, 0.5203058717450832, 0.9712928754710187, 0.5203058717450832
0, 0, 1, 0, 0.44599109196271236, -0.2303782320778857, 0.47156101098654835, 0.3690766696796313, 0.47156101098654835, 0.3690766696796313
